$SPEC_ID:
No sample description was entered.
$SPEC_REM:
DET# 1
DETDESC# R411-BM11-1 MCB 130
AP# Maestro Version 7.01
$DATE_MEA:
04/19/2024 12:12:35
$MEAS_TIM:
4602 4605
$DATA:
0 8191
       0
       0
       0
       0
       0
       0
       0
       0
       0
       0
       0
       0
       0
       0
       0
       0
       0
       0
       0
       0
       0
       0
       0
       0
       0
       0
       0
       0
       0
       0
       0
       0
       0
       0
       0
       0
       0
       0
       0
       0
       0
       0
       0
       0
       0
       0
       0
       0
       0
       0
       0
       0
       0
       0
       0
       0
       0
       0
       0
       0
       0
       0
       0
       0
       0
       0
       0
       0
       0
       0
       0
       0
       0
       0
       0
       0
       0
       0
       0
       0
       0
       0
       0
       0
       0
       0
       0
       0
       0
       0
       0
       0
       0
       0
       0
       0
       0
       0
       0
       0
       0
       0
       0
       0
       0
       0
       0
       0
       0
       0
       0
       0
       0
       0
       0
       0
       0
       0
       0
       0
       0
       0
       0
       0
       0
       0
       0
       0
       0
       0
       0
       0
       0
       0
       0
       0
       0
       0
       0
       0
       0
       0
       0
       0
       0
       0
       0
       0
       0
       0
       0
       0
       0
       0
       0
       0
       0
       0
       0
       0
       0
       0
       0
       0
       0
       0
       0
       0
       0
       0
       0
       0
       0
       0
       0
       0
       0
       0
       0
       0
       0
       0
       0
       0
       0
       0
       0
       0
       0
       0
       0
       0
       0
       0
       0
       0
       0
       0
       0
       0
       0
       0
       0
       0
       0
       0
       0
       0
       0
       6
      67
     116
     124
     112
     114
     114
     120
     117
     100
     125
     110
     114
     120
     116
     110
     110
     118
      92
     112
     129
     109
     113
     105
     103
     118
     100
     126
     106
     123
      93
     128
      98
     107
     107
      94
     102
     105
     121
     110
     109
     109
     116
     111
     131
     105
     126
      96
     103
     105
     105
     112
     124
     112
     117
      99
     121
     103
     117
     104
     110
     119
     109
     125
     115
     112
     103
     117
      97
      99
     106
     114
     131
     116
      97
     112
     110
     131
     112
     116
     128
     109
     119
     115
     108
      99
     129
     133
     139
     107
     129
     105
     125
     139
     143
     152
     141
     119
     121
     151
     133
     133
     140
     131
     124
     135
     122
     132
     120
     125
     161
     156
     146
     148
     149
     135
     150
     161
     167
     127
     127
     155
     135
     159
     173
     138
     162
     156
     163
     153
     171
     172
     179
     172
     166
     162
     180
     190
     169
     180
     177
     191
     184
     195
     178
     196
     224
     210
     216
     288
     300
     360
     468
     537
     580
     497
     421
     295
     257
     285
     334
     430
     572
     728
     895
     905
     757
     536
     414
     299
     242
     226
     187
     221
     226
     191
     196
     205
     225
     198
     197
     188
     209
     194
     203
     190
     198
     192
     216
     210
     209
     189
     229
     212
     217
     182
     228
     237
     243
     199
     204
     205
     199
     199
     245
     222
     210
     234
     257
     295
     324
     445
     451
     615
     576
     570
     511
     359
     327
     282
     221
     244
     257
     271
     318
     327
     353
     325
     353
     296
     270
     244
     226
     243
     223
     232
     245
     214
     238
     233
     247
     228
     228
     256
     254
     209
     210
     229
     267
     266
     269
     277
     264
     224
     251
     252
     239
     243
     270
     262
     249
     228
     230
     242
     235
     243
     260
     250
     220
     216
     265
     240
     249
     268
     240
     251
     247
     234
     250
     261
     260
     269
     243
     248
     257
     244
     240
     290
     258
     255
     255
     262
     257
     245
     254
     268
     251
     246
     291
     279
     273
     266
     272
     231
     245
     249
     279
     258
     281
     283
     251
     256
     245
     273
     287
     252
     225
     285
     255
     268
     274
     286
     258
     246
     260
     255
     256
     261
     276
     266
     270
     259
     272
     265
     254
     229
     304
     261
     238
     276
     260
     247
     292
     262
     288
     256
     276
     289
     278
     235
     258
     295
     258
     251
     248
     277
     298
     255
     266
     269
     241
     252
     275
     280
     269
     285
     257
     227
     267
     239
     290
     261
     266
     253
     236
     265
     262
     242
     245
     261
     280
     255
     273
     278
     287
     273
     248
     252
     281
     265
     247
     255
     268
     283
     259
     287
     260
     269
     244
     276
     276
     271
     234
     288
     256
     253
     242
     247
     283
     242
     230
     242
     233
     236
     226
     243
     225
     234
     255
     271
     273
     259
     273
     261
     249
     246
     245
     231
     273
     235
     273
     275
     249
     235
     252
     238
     262
     230
     252
     237
     265
     264
     268
     228
     209
     230
     219
     240
     237
     257
     274
     241
     257
     237
     242
     226
     240
     288
     218
     223
     216
     243
     239
     250
     255
     240
     231
     224
     268
     256
     238
     261
     242
     233
     236
     259
     247
     247
     225
     236
     217
     240
     215
     260
     235
     205
     209
     213
     239
     258
     229
     245
     209
     216
     224
     228
     253
     226
     260
     239
     242
     221
     227
     242
     226
     213
     212
     219
     215
     203
     227
     225
     254
     218
     229
     203
     229
     208
     217
     241
     240
     233
     221
     197
     225
     237
     234
     220
     230
     222
     216
     227
     225
     227
     222
     202
     214
     214
     226
     250
     214
     234
     206
     211
     196
     221
     207
     227
     197
     222
     210
     228
     217
     181
     216
     199
     215
     205
     194
     202
     196
     195
     200
     190
     211
     208
     183
     192
     201
     186
     206
     233
     216
     217
     185
     188
     208
     204
     201
     209
     185
     200
     210
     193
     168
     199
     204
     219
     211
     193
     201
     181
     192
     189
     199
     206
     211
     172
     196
     183
     214
     168
     211
     170
     199
     204
     206
     186
     181
     202
     187
     193
     192
     182
     204
     190
     188
     177
     182
     191
     190
     161
     176
     190
     180
     183
     209
     174
     170
     181
     157
     178
     160
     188
     182
     182
     190
     189
     190
     184
     193
     164
     171
     176
     170
     178
     183
     176
     182
     161
     170
     176
     182
     173
     191
     173
     165
     161
     166
     164
     181
     165
     179
     164
     163
     162
     150
     173
     176
     179
     151
     178
     174
     171
     189
     193
     169
     184
     149
     156
     151
     175
     168
     164
     164
     172
     161
     174
     151
     168
     168
     166
     153
     144
     144
     179
     156
     160
     157
     162
     167
     174
     179
     163
     158
     155
     163
     155
     154
     165
     136
     179
     168
     170
     154
     157
     170
     145
     156
     170
     147
     153
     169
     156
     140
     131
     163
     157
     146
     154
     157
     154
     165
     174
     149
     145
     114
     129
     153
     140
     154
     149
     166
     142
     139
     142
     141
     145
     135
     169
     150
     135
     158
     151
     130
     159
     138
     151
     130
     131
     152
     131
     146
     134
     147
     148
     153
     142
     129
     136
     155
     137
     148
     125
     147
     123
     110
     133
     122
     120
     148
     154
     162
     125
     138
     125
     123
     153
     111
     164
     128
     144
     105
     141
     142
     128
     150
     135
     138
     128
     119
     137
     142
     152
     127
     129
     167
     132
     143
     106
     122
     132
     134
     137
     126
     136
     125
     113
     129
     115
     129
     126
     114
     129
     131
     128
     130
     121
     112
     116
     145
     128
     121
     116
     113
     140
     121
     118
     128
     136
     131
     125
     119
     107
     131
      92
     114
     129
     118
     113
     126
     124
     114
     119
     121
     132
     111
     131
     140
     113
     126
     120
     117
     121
     122
     105
     112
     127
     141
     105
     117
     120
     109
     100
      96
     121
     132
     114
     126
     118
     119
     100
      93
     109
     106
     102
      99
     114
     113
      99
     103
     112
     109
     105
     105
     106
      92
     109
     100
      95
     111
      99
     100
     106
      99
      96
     100
     126
      94
     104
     129
     117
     118
     121
      88
     113
     109
      91
      98
     102
     113
      98
     112
      97
     101
      86
     109
     105
      92
     101
     130
      95
     104
     123
      93
     110
     102
     111
      98
     106
      87
      99
      94
      99
      95
     111
     105
      88
     111
     102
      97
     112
     117
      97
      91
     104
     102
     101
     106
     114
     101
      96
      94
      72
      92
     105
      89
     102
      91
      96
      81
     109
     119
      86
     116
      95
      80
      98
     100
      89
     108
      89
      86
      96
      99
      89
      83
      86
      85
      86
     109
      97
      81
      84
      85
      96
      94
      83
      81
      77
     103
      88
      98
      81
      91
      91
      99
      87
      85
      90
      96
      83
      87
     106
      81
      85
      84
      94
      87
      92
      90
     111
      99
     113
      89
      83
      82
      96
      94
      95
      75
      82
      75
      82
      84
      81
      87
      85
      72
      83
      82
      91
      77
      74
      78
      92
      82
      79
      76
      64
      85
      82
      93
      91
      82
      92
      82
      83
      72
      94
      84
      79
      65
      76
      96
      83
      76
      69
      84
      72
      79
      86
      78
      80
      88
      69
      80
      81
      72
      82
      63
      65
      81
      62
      88
      84
      89
      79
      80
      88
      78
      76
      71
      67
      84
      84
      71
      61
      77
      84
      80
      84
      78
      70
      81
      78
      85
      72
      83
      84
      65
      92
      71
      69
      65
      71
      77
      63
      65
      83
      72
      74
      72
      74
      74
      76
      74
      75
      77
      80
      83
      69
      67
      77
      75
      70
      62
      53
      75
      86
      66
      68
      57
      69
      69
      79
      62
      78
      75
      65
      73
      72
      73
      67
      69
      75
      64
      60
      76
      78
      70
      75
      80
      62
      70
      66
      76
      70
      69
      49
      64
      63
      62
      68
      48
      68
      71
      66
      60
      61
      67
      66
      74
      58
      78
      56
      78
      73
      57
      74
      58
      65
      60
      65
      69
      50
      66
      50
      65
      55
      67
      72
      76
      68
      68
      58
      69
      61
      48
      66
      58
      50
      75
      61
      50
      61
      73
      76
      63
      54
      64
      60
      63
      64
      66
      60
      61
      60
      54
      65
      80
      79
      62
      61
      60
      61
      69
      52
      58
      60
      69
      58
      57
      70
      57
      61
      64
      51
      63
      67
      60
      59
      59
      61
      55
      65
      46
      60
      68
      61
      62
      47
      46
      58
      71
      45
      57
      73
      49
      64
      48
      63
      62
      57
      61
      60
      45
      58
      78
      47
      60
      62
      65
      54
      56
      51
      54
      58
      63
      45
      60
      83
      50
      50
      62
      37
      48
      52
      54
      57
      50
      65
      60
      55
      43
      62
      51
      55
      61
      52
      50
      51
      40
      61
      46
      52
      43
      72
      44
      50
      55
      63
      57
      51
      60
      53
      54
      52
      48
      58
      55
      54
      66
      57
      53
      54
      63
      54
      40
      64
      49
      57
      49
      58
      42
      53
      53
      66
      58
      45
      63
      57
      56
      64
      54
      66
      54
      52
      51
      63
      39
      56
      52
      49
      46
      48
      59
      47
      48
      61
      51
      65
      47
      49
      50
      46
      54
      53
      59
      57
      49
      52
      49
      43
      42
      43
      42
      50
      51
      49
      48
      48
      57
      38
      52
      64
      61
      58
      51
      48
      40
      49
      43
      51
      55
      53
      59
      48
      57
      38
      42
      48
      52
      47
      41
      60
      42
      41
      52
      67
      42
      43
      44
      41
      46
      28
      48
      37
      41
      50
      43
      41
      43
      48
      43
      51
      34
      37
      44
      45
      48
      49
      43
      51
      49
      39
      37
      33
      50
      47
      45
      46
      44
      49
      40
      38
      46
      50
      46
      42
      45
      45
      51
      49
      49
      56
      41
      39
      40
      47
      44
      33
      43
      39
      43
      47
      46
      47
      42
      43
      58
      44
      31
      39
      47
      58
      37
      45
      40
      45
      41
      41
      47
      46
      41
      34
      43
      44
      41
      49
      48
      52
      42
      30
      40
      46
      45
      28
      38
      39
      42
      50
      37
      42
      35
      43
      38
      42
      48
      34
      43
      30
      28
      32
      45
      49
      45
      38
      36
      33
      42
      29
      39
      47
      36
      42
      38
      47
      38
      53
      41
      41
      41
      44
      36
      50
      45
      45
      38
      44
      56
      34
      36
      37
      54
      40
      41
      44
      39
      31
      38
      48
      36
      50
      38
      43
      30
      32
      29
      44
      33
      34
      45
      40
      26
      31
      41
      45
      33
      35
      53
      35
      40
      30
      49
      32
      42
      29
      44
      38
      28
      41
      35
      33
      33
      35
      33
      37
      35
      48
      43
      32
      49
      31
      32
      42
      26
      36
      42
      48
      30
      26
      35
      38
      44
      34
      34
      39
      28
      42
      36
      43
      38
      41
      32
      33
      30
      27
      33
      38
      35
      34
      34
      40
      26
      37
      40
      51
      29
      41
      38
      34
      38
      41
      32
      39
      39
      32
      37
      43
      33
      28
      32
      35
      34
      36
      35
      29
      33
      32
      33
      27
      29
      32
      34
      40
      35
      37
      35
      35
      40
      32
      36
      43
      29
      31
      32
      40
      35
      30
      46
      33
      24
      33
      30
      46
      24
      32
      28
      30
      38
      29
      31
      32
      34
      32
      30
      34
      42
      32
      32
      29
      26
      33
      28
      38
      24
      41
      37
      47
      27
      35
      29
      38
      33
      26
      35
      36
      30
      42
      37
      28
      27
      18
      34
      37
      21
      38
      31
      24
      21
      29
      28
      27
      24
      39
      36
      29
      32
      30
      27
      40
      24
      34
      33
      30
      23
      38
      30
      21
      37
      31
      28
      27
      21
      26
      25
      21
      24
      25
      32
      38
      31
      35
      33
      33
      27
      36
      36
      29
      30
      24
      34
      29
      32
      24
      37
      23
      31
      34
      27
      24
      26
      22
      26
      34
      32
      34
      23
      34
      27
      40
      31
      39
      30
      21
      32
      33
      25
      25
      30
      29
      16
      21
      23
      29
      28
      25
      29
      23
      31
      34
      25
      31
      28
      29
      28
      36
      34
      31
      35
      28
      32
      39
      26
      25
      22
      36
      25
      26
      29
      34
      24
      28
      28
      26
      33
      33
      39
      17
      22
      22
      27
      27
      37
      25
      31
      30
      26
      32
      29
      33
      28
      30
      25
      25
      35
      29
      24
      30
      34
      25
      24
      21
      21
      31
      30
      21
      19
      28
      24
      24
      30
      20
      27
      19
      34
      30
      26
      24
      22
      23
      24
      23
      24
      40
      24
      20
      18
      15
      20
      27
      29
      23
      18
      23
      22
      19
      33
      28
      26
      34
      24
      36
      24
      27
      24
      30
      31
      32
      27
      25
      15
      27
      18
      24
      21
      29
      28
      23
      25
      31
      26
      31
      24
      17
      31
      16
      24
      38
      26
      30
      28
      18
      34
      25
      27
      26
      23
      24
      21
      26
      27
      16
      19
      25
      29
      30
      32
      30
      19
      23
      26
      30
      22
      18
      29
      23
      30
      22
      23
      30
      22
      22
      27
      25
      27
      27
      22
      21
      27
      25
      22
      21
      22
      27
      16
      28
      26
      23
      21
      16
      29
      33
      28
      22
      28
      22
      27
      23
      39
      24
      22
      21
      24
      25
      24
      19
      28
      18
      24
      31
      19
      31
      23
      41
      25
      38
      16
      24
      21
      20
      29
      23
      20
      21
      23
      25
      19
      25
      15
      17
      24
      26
      22
      19
      24
      28
      19
      24
      21
      22
      39
      21
      24
      23
      19
      25
      29
      27
      26
      22
      23
      18
      21
      20
      20
      30
      22
      25
      18
      22
      18
      24
      20
      33
      25
      30
      21
      20
      23
      18
      16
      22
      14
      37
      25
      20
      25
      15
      21
      33
      27
      20
      23
      26
      29
      20
      18
      24
      28
      18
      27
      34
      20
      21
      31
      18
      22
      22
      16
      19
      20
      21
      27
      19
      13
      20
      21
      27
      25
      28
      20
      23
      24
      23
      20
      32
      23
      30
      22
      21
      20
      19
      23
      21
      17
      22
      20
      28
      18
      30
      29
      18
      15
      26
      22
      22
      28
      25
      24
      21
      19
      16
      33
      24
      14
      16
      23
      12
      30
      17
      17
      22
      23
      19
      20
      21
      17
      22
      16
      24
      21
      30
      23
      28
      18
      30
      20
      20
      32
      16
      27
      19
      27
      21
      16
      29
      26
      16
      26
      22
      20
      25
      19
      15
      16
      17
      22
      25
      23
      17
      21
      18
      24
      20
      11
      18
      20
      19
      21
      15
      27
      29
      23
      22
      26
      23
      19
      29
      20
      13
      23
      24
      18
      17
      23
      20
      18
      20
      19
      16
      19
      16
      20
      21
      20
      22
      22
      29
      21
      16
      20
      16
      19
      30
      16
      19
      21
      23
      18
      19
      19
      23
      18
      23
      20
      14
      24
      18
      20
      17
      24
      21
      19
      22
      23
      20
      18
      34
      16
      17
      15
      15
      22
      15
      18
      16
      19
      11
      20
      29
      16
      16
      25
      27
      20
      19
      18
      25
      21
      18
      31
      16
      22
      19
      20
      17
      17
      16
      23
      22
      19
      14
      18
      23
      17
      18
      22
      13
      18
      22
      15
      26
      17
      18
      20
      20
      17
      15
      18
      24
      14
      19
      18
      18
      23
      18
      17
      17
      24
      18
      14
      26
      25
      16
      19
      20
      10
      29
      14
      23
      13
      23
      23
      14
      22
      15
      26
      12
      24
      16
      19
      19
      17
      21
      20
      29
      17
      27
      27
      37
      37
      34
      47
      44
      46
      53
      51
      47
      44
      61
      62
      52
      41
      46
      34
      30
      26
      29
      25
      23
      25
      23
      27
      14
      26
      19
      21
      16
      23
      23
      15
      21
      16
      12
      19
      17
      24
      23
      18
      19
      11
      20
      13
      23
      23
      13
      19
      26
      14
      18
      14
      20
      14
      23
      22
      12
      19
      17
      21
      18
      14
      18
      17
      10
      16
      17
      20
      24
      17
      18
      15
      21
      15
      13
      18
      14
      12
      20
      14
      13
      18
      17
      21
      17
      13
      20
      24
      16
      13
      20
      13
      15
      18
       8
      18
      18
      20
      20
      15
      13
      16
      13
      13
      21
      17
      18
      14
      19
      14
      16
      17
       7
      20
      10
      22
      12
      23
      18
      19
      17
      13
      18
      14
      22
      16
      20
      19
      26
      19
      16
      17
      20
      23
      13
      17
      13
      15
      16
      23
      16
      28
      16
      16
      17
      24
      17
      22
      18
      21
      18
      16
      11
      14
      16
      16
      12
      14
      19
      18
      20
      20
      16
      21
      15
      20
      13
      19
      19
      19
      13
      24
      16
      15
      13
      22
      16
      20
      17
      19
      23
      11
      15
      18
      16
      16
      18
      14
      15
      17
      16
      14
      17
      21
      16
      11
      17
      13
      13
      11
      15
      16
      23
      29
      23
      15
      13
      13
      12
      19
      12
      19
      15
       9
      18
      17
      22
      24
      15
      11
      17
      13
      11
      20
      11
      14
      20
      18
      21
      19
      17
      20
      10
      17
      18
      15
      22
      17
      12
      10
      24
      16
      13
      12
      13
      16
      13
      15
      21
      24
      16
      17
      18
      15
      13
      21
      11
      12
      19
      20
      20
      22
      16
      17
      11
      10
      12
      15
       8
       9
      12
      10
      14
      21
      16
      17
      12
      24
      13
      18
      16
      16
      12
      18
      18
      20
      14
      19
      18
      24
      15
      10
      13
      12
      16
      13
      17
      13
      14
      19
      23
      20
      11
      16
      10
      19
      18
      13
      16
      15
      17
      15
      12
      12
      19
      11
      18
      17
      18
      13
      15
      11
      16
      14
      11
      12
       7
      11
      19
      14
      15
      10
      13
      21
      16
      10
      16
      16
      14
      12
      15
      12
      13
      13
      16
      23
      20
      15
      15
       7
      17
      18
      14
      10
      11
      13
      14
      14
      15
       9
      16
      16
      16
      15
      21
      16
      15
      14
      18
      15
      17
      14
      17
      13
      22
      25
      19
      14
      12
      11
      12
      19
      13
      11
      18
      21
      10
      11
      14
      18
      16
      17
      21
      12
      20
      13
      12
      11
      19
      13
      12
      14
      13
      16
      14
      17
      18
      18
      12
      11
      17
      13
       5
      15
      15
      13
      13
      13
      17
      13
      14
      17
      16
       9
      19
      11
      16
      19
      15
      17
      14
      23
      15
       7
      13
       7
      13
      10
      19
       9
      17
      17
       6
      22
      13
      22
      18
      14
       8
      14
      21
      14
       8
      10
      13
      12
      16
       9
      17
      12
      12
      11
      15
      14
      14
       7
      20
       9
      15
      11
      13
      16
      11
      18
      12
      15
      14
      18
      14
      20
      16
      15
       7
      16
      17
      12
      18
      16
      10
       6
      11
      11
      17
      19
      13
      12
      12
      12
      21
      25
      14
      27
      21
      16
      18
      21
      16
      11
      12
      12
       8
      13
      12
      16
      15
      13
       8
      17
      13
      15
      12
      10
      22
       8
      17
      11
      16
       8
      19
      15
      13
      14
      13
      14
       7
      13
      11
      13
      13
      15
      11
      13
      10
      12
      13
      19
      14
       7
      14
      13
      19
      11
      11
      11
      11
      14
      32
      13
      19
      11
      17
      15
      13
      13
       9
      13
      14
      13
      14
      13
      16
      13
      12
      20
      10
      13
       8
      12
      16
      15
      12
      12
      10
      13
       7
      12
      15
      15
       9
      14
      11
      12
      14
      12
      12
      17
      10
      15
       6
      12
       6
       8
      12
      12
       5
      15
      10
      12
       6
      10
      20
      13
      19
      16
      10
      12
      11
      13
      14
      11
      12
      13
       6
       8
      16
       9
      11
       6
      12
      12
       8
      12
      14
      15
      16
      10
      10
      14
       8
      11
      16
       7
      14
      10
      14
      14
      12
      15
      18
      13
      11
      10
      13
      14
      12
      16
      17
      13
       8
      12
      12
      11
      12
      18
      10
      11
       9
      15
      13
       8
       9
      15
      15
      13
      13
       9
      11
      14
       8
      11
      11
       7
      10
      20
      13
      15
      15
      15
       9
       8
      17
       6
      10
      12
      10
      12
      16
      11
      17
      12
      13
      10
      12
      18
      16
      10
      11
      13
       7
      12
      11
       8
      14
      17
      11
      18
      17
       6
      11
      14
      13
       6
      10
      11
       8
      13
       8
       6
       8
      14
      12
      10
      12
      15
      10
      10
      10
      18
       7
      11
       9
       7
      13
      11
       7
      14
      17
      10
      12
      14
       9
       7
      13
      13
      11
      11
       9
      17
       6
      11
      10
      12
       8
      11
      11
      13
      16
       7
      11
       8
      10
      16
      11
      12
       7
      16
      11
      11
      12
       4
       8
      12
       9
      11
      10
      13
       7
      11
      14
       7
      15
      15
       9
      14
      13
       7
      10
      14
      12
       8
      14
      11
      12
       9
      12
       6
       6
       9
      16
      12
       7
      11
      12
       7
      11
       8
       7
      15
      12
       9
       8
      13
      11
       8
       9
       7
      10
      12
      17
      14
      11
      10
       9
      10
       8
      17
      12
      13
      15
       7
       9
      11
      11
      13
       4
      22
      17
       9
      15
      12
      10
       9
      14
       7
      11
       9
       9
      13
      10
      10
       7
      10
      11
      14
       8
       7
      10
      15
       7
      14
       8
      11
      14
      16
       8
      10
      17
      13
      13
      12
       9
       5
       9
       6
       5
      11
      13
      10
      10
       9
      16
      13
      12
      15
      14
       6
       6
      15
       9
      17
      11
      16
      18
      12
      10
      13
       7
       5
       5
      16
      20
      11
      13
      12
      11
      15
      11
       6
      13
       9
      13
       7
      12
       5
      15
       9
       5
      11
      11
      16
       4
       8
      12
       7
       7
      11
      12
      11
      15
      15
      10
      10
       7
      10
      11
      11
      10
      15
      17
       4
       6
      13
      13
      12
       8
      14
      10
      11
      10
      11
      10
      13
       9
      12
      18
       9
      16
       9
      13
       7
       9
      12
       9
       7
      13
       7
      16
       9
      10
      10
      11
      19
      12
      16
       9
      11
      11
      14
       7
      11
      12
       9
      14
       8
       7
      14
      12
       8
       8
       6
      12
      14
      16
      12
      13
      10
      14
      12
       5
       8
      18
      18
      11
      10
      11
       6
      11
      15
      11
       9
       6
       8
      12
      14
       5
      13
      13
       8
       9
       8
       8
       6
       7
       4
       8
      12
      12
      10
      16
      11
      10
      13
      13
       8
      15
      12
       8
      14
      10
      13
      10
      16
      12
       9
       3
       8
      13
       9
       9
       9
      10
      13
      16
      10
      13
       4
      14
      11
      15
       7
       8
       8
      10
       4
      11
       5
       8
      12
       9
       9
       8
      12
       7
       9
      11
      16
       8
      12
       9
       8
      10
      16
      14
      10
       8
      11
      14
      15
      14
      14
      14
       9
      10
      13
      12
       9
      10
      11
      17
       9
       9
      16
      15
       7
      11
      12
      13
       7
      10
      11
      10
      20
      13
       4
       7
       8
      11
       9
       7
       7
       5
       9
       8
       6
      11
      11
      12
      11
      12
      12
       9
       5
       9
      13
      11
       5
       9
      12
       9
       7
      12
       7
      16
      13
      10
      14
       7
      16
       7
      10
       7
      11
      11
       4
       9
      10
      10
       4
      15
       7
      11
      13
       7
      10
      10
      14
      10
       7
      17
      12
       9
      14
      14
       9
      12
      12
      10
       6
       9
       8
      11
      13
       4
      13
      11
      11
       5
      10
       7
      11
       7
       8
       6
      11
       7
      10
       8
       5
      11
       5
      14
      15
       9
       8
       7
      14
       7
       8
       6
      13
      11
      15
       9
       4
       7
      16
       5
      13
       9
      12
      14
      11
      11
       4
      10
       7
      11
       9
      13
       5
      11
       9
       8
       3
      11
      11
      10
       6
       9
       8
      11
       9
      10
       7
       8
       7
      11
       8
      13
      10
      14
       3
       6
       8
       7
      13
       9
       4
      14
       9
       9
       6
       7
       9
       6
      11
       9
      12
      11
       8
      10
       9
       9
       9
       5
      10
      13
      11
       8
      15
      11
      10
       7
       9
       7
      15
       7
      11
       7
      11
      11
      10
      12
       6
       3
       9
       9
       9
       9
      10
       9
       6
      12
      15
       8
       5
       6
      17
       8
       8
       9
       8
      11
       8
       6
       5
      11
      13
      12
       9
      11
      17
       9
       5
       5
       9
      13
      16
      14
      17
      16
       6
       7
       7
       7
       6
       6
       9
       9
      13
       4
       8
       5
       8
       6
       9
       4
      13
       9
       6
       9
      11
      11
       6
       8
      15
       7
       6
      14
       7
      14
      10
      10
       8
      12
       6
       6
       4
       7
       8
      12
       9
      10
      14
      12
      13
       7
      13
       8
       7
      13
       9
       7
       6
      12
      13
       7
      14
      16
       6
       6
      12
      10
       8
       4
       6
      12
      11
       7
       7
       9
      10
      15
       8
      11
       5
       7
       9
       7
       8
       4
      11
       9
      15
       2
       9
      10
       7
      10
       7
      13
      13
       6
       9
       9
      11
      10
      12
      10
      12
      13
       6
       8
       7
      10
       9
       4
      13
      11
       9
       7
       9
       5
      10
      11
      10
       6
       7
       6
       9
       8
       7
       7
       6
       4
       9
       7
       6
       9
      11
      15
       9
       7
      12
       7
       9
      11
      10
       7
      10
      10
       7
       5
       9
       9
       3
      12
       8
       5
      10
      10
       7
       5
       8
       8
       9
       7
       9
      10
       9
      10
       5
      10
      10
       4
      11
       5
       5
       8
      14
       7
      10
       8
       3
       7
      11
       9
       4
       9
      12
       9
      10
       7
      10
       7
       3
       9
       9
       9
       6
       9
       8
       9
       6
      11
       9
       7
       7
       6
       7
      12
       9
       8
      10
       9
      13
       8
       8
      10
       6
       6
      13
       9
       9
       9
      10
       9
      12
       7
      11
       8
      13
      13
       6
       7
      12
       7
       8
       6
      10
      10
      15
       8
       8
      12
      11
       5
       4
       9
      14
      13
      11
      16
       7
       8
      11
      12
       3
      12
       4
       5
       5
      15
       9
       7
       7
      12
       8
       9
      11
       7
       6
       3
       6
       7
       6
       8
      10
      13
       9
       4
       8
      10
       6
      11
       8
      14
       4
       8
      16
       7
       5
       2
       7
       9
       7
       7
      10
       8
       8
       9
       3
       3
       8
       4
      11
       9
      11
       6
       8
       5
       6
       9
       6
      11
      17
       1
      13
       9
       9
       3
      12
      10
       8
       5
       7
      12
       7
       8
      13
       4
       5
       4
      11
      10
       7
       3
       7
      11
       9
      10
      13
       6
      11
       6
      12
       4
      10
       5
       4
       7
       8
       9
       6
      11
       6
       7
      10
       7
       8
       7
       5
      11
      10
       9
      10
       8
      10
       7
       6
       7
       9
       8
       6
       3
       8
       1
       6
       7
       9
      10
       6
       9
       8
      10
       7
      11
      11
       9
       5
       8
       6
       6
       9
       5
       7
       4
       9
       8
       8
       4
       6
      11
       5
       8
       8
      10
       6
       9
      10
       8
       6
       8
       8
       4
       6
       8
      10
      11
       8
       7
       9
      10
       4
       5
       9
      12
       4
       7
       6
       8
       7
       9
      10
      10
       7
       3
       9
       9
       6
      13
       6
      10
      11
       7
       6
       5
       6
       5
       8
       6
       8
       7
       7
       6
       6
       8
       6
       6
       8
      11
       7
       6
       8
      11
       9
       8
       5
       5
      10
       5
       5
      10
       8
       9
       8
       5
       7
       3
       6
       8
       8
      10
       6
       6
       7
       9
      10
       9
       9
      11
       9
       7
       7
       9
       8
       8
       8
      12
       5
       4
       8
       4
       2
       6
      10
       6
       5
       5
       8
       1
       9
       9
       9
      11
       4
      11
       6
       7
       8
       6
      10
       7
       8
      10
       8
      10
      10
       3
       7
       6
       6
      11
       9
      10
       6
       8
       6
       9
       6
       5
       6
       2
       7
       7
       6
       8
       6
       7
       8
       9
      10
       6
      12
       3
       5
       5
       3
       9
      12
      18
      11
      10
      10
      11
       6
       3
       7
       7
       6
       7
       8
       6
       8
       7
       5
       6
       5
       5
       9
       9
       3
      12
       2
       3
       8
       7
       6
       8
       7
      10
       6
       8
       5
       4
       7
       7
       6
       7
       4
       7
       6
       5
      11
       8
       5
      11
       3
       5
       4
      13
       5
       3
      10
       6
       2
       5
      14
       9
       7
       2
       6
       4
       6
      10
       6
       3
      11
       9
       3
       5
       7
       8
       6
       6
       3
       3
      20
      14
      10
       5
      14
       8
       5
      11
       8
       6
      12
       9
      10
       9
      10
       6
       8
       7
       5
       7
       5
       4
      10
       7
       6
       3
       8
       7
       5
       6
      10
      10
       8
      10
      12
      12
      14
       7
       6
       9
       8
      12
      18
      18
      19
      15
      23
       7
      17
      31
      18
      15
      15
      10
      12
       9
       6
      10
       7
       4
       7
       4
       8
       5
      11
       6
       5
       4
       6
       9
       5
       5
       6
       5
       9
       8
       7
       4
       8
       7
       8
       7
       3
      10
       7
       3
       8
       8
       8
       6
       3
       9
       9
       8
       9
       9
       5
       7
       5
       4
       9
       6
       8
       4
      10
       9
       9
       6
       6
       7
       8
       9
       8
       6
       8
       7
       7
      14
       6
       5
       6
      11
       3
      11
       6
       1
       8
       2
       4
       6
       4
      11
       5
       3
       9
       4
       9
       4
       4
       5
       5
       6
       3
       9
       7
       4
       6
       8
       6
       4
       5
       6
       7
       2
      11
      12
       5
       8
       5
       7
       7
       6
       7
       6
       6
       7
       7
       5
       4
       2
       7
       5
       8
       3
       9
       7
       2
       3
       5
       8
       3
      11
       3
       6
       6
       9
       5
       2
       6
       6
       4
       6
       5
       3
       3
       8
       6
       6
       7
       6
       4
       3
       7
       5
       6
       8
       5
       9
       9
       7
       9
       7
       6
       9
       2
      12
       9
       6
       9
       4
       6
      12
      10
       7
      13
       4
       6
       2
       7
       5
       8
       4
       9
       2
       4
       7
       4
       6
      10
       5
       5
      10
       5
       2
       5
      13
       9
       2
       7
       4
       8
       8
      10
       7
       3
       8
       4
       8
      10
      10
       5
       7
       9
       4
       7
       8
       3
       3
       6
       7
       9
       6
       4
      10
      11
       4
       9
       4
       5
      12
      11
       7
      10
       8
       6
       5
       3
       5
       4
       5
       6
       2
       4
       7
       9
       5
       6
       7
       5
      10
       5
       6
       2
       7
       8
       5
       8
       3
       6
       3
       7
       9
       5
      11
       5
      10
      10
       6
       7
       9
       7
       6
       9
       6
       6
       9
       4
       7
       5
       9
      12
       8
      12
       6
      17
       5
       9
      10
      15
      17
       8
       8
      16
       7
       5
       9
       7
       5
       5
       3
       8
       6
       3
       8
      10
       7
      12
       7
       4
       4
       6
       3
       4
       6
       5
       5
       2
       7
       8
      12
       9
       3
       5
       9
       4
       7
       4
       6
       7
      10
       6
       5
       7
       7
       5
       6
       4
       4
       4
       5
       3
       3
       1
       9
      10
      10
       7
       2
       3
       8
       4
       6
       7
       6
       7
       6
       8
       8
       4
       3
      10
       7
       6
       1
       8
       2
       3
       5
       4
       4
       5
       7
       8
       5
       3
       6
       1
       2
       2
       6
       6
       7
       6
       5
       8
       2
       2
       6
       6
       5
       3
       7
       6
       5
       8
       4
       4
       9
       6
       6
      13
       5
       8
       5
      10
       6
       5
       4
       2
      10
       8
       6
       5
       1
       8
       7
       8
       6
       4
       9
       7
       7
       6
       7
       7
       8
       5
       3
       2
       7
       6
       4
       6
       2
       8
       9
       7
       6
       9
       7
       5
       7
       4
       7
       4
       5
      10
       4
       2
       8
       4
       5
       2
       3
       8
      10
       8
       1
       4
       4
       8
       8
       6
      12
       5
       3
       5
       3
       6
      10
       3
       5
       4
       6
       7
       5
       8
      10
       2
       6
       4
       6
       5
       1
       5
       3
       5
       3
       6
       7
       4
       7
       9
       7
       9
       7
      10
       2
       7
       7
       4
       6
       4
       9
       8
       4
       8
       7
       7
       4
       4
       9
       3
       6
       4
       2
       4
       2
       4
       3
       5
       1
       5
       3
       4
       5
       6
       5
       9
       1
       3
      14
       4
       4
      11
      10
       6
       5
       3
       2
       5
       4
       5
       3
       5
       4
       3
       4
       2
       5
       2
       5
       2
       5
       4
       0
       6
       4
       5
       4
       6
       4
       2
       3
       8
       9
       5
       5
       4
       7
       5
       1
       2
       6
       6
       1
       4
       1
      10
       9
       6
       7
       3
      12
       8
       5
       7
       6
       2
       5
       4
       4
       6
       6
       5
       8
       4
       7
       6
       8
       4
       8
       4
       5
       8
       4
       5
       7
       9
       2
       5
       5
       6
       7
       6
       4
       2
       3
       8
       5
       8
       8
       4
       7
       7
       3
       7
       4
       4
      10
       4
      13
       4
       6
       4
       8
      11
       3
       7
       2
       6
       2
       7
       5
       7
       8
       5
       4
       3
       3
       4
       5
       5
      10
       5
       9
       7
       2
       4
       7
      10
       8
       4
       8
       7
       4
       6
       6
       5
       9
       5
       4
       7
       3
       9
       7
       4
       7
       5
       8
      11
       4
      11
       8
       7
       8
       4
       5
       4
       4
       5
       4
       6
       2
       8
       4
       3
       4
       7
       6
       4
       7
       6
       4
       3
      10
       4
       4
       4
       3
       8
       4
       8
       5
      13
       6
       7
       7
       1
       5
       3
       2
       6
       7
       6
       2
       4
      10
       4
       5
       5
       7
       5
       1
       7
       6
       7
       3
       8
       5
       4
       8
       4
       7
       6
       8
      10
       6
       5
       7
       7
       6
       4
       4
       9
       4
       4
       5
       2
       7
      13
      10
       5
       9
       3
       3
       4
       3
       8
       4
       5
       3
       6
       5
       4
       7
       6
       3
       3
       8
       4
       6
       8
       2
       9
       9
       6
       7
       7
       1
       7
       6
       4
       7
       3
       5
       4
       5
       4
       6
       7
       3
       4
       7
       2
       5
       4
       2
       6
       1
       7
       2
       5
       7
       7
       2
       6
       6
       3
       4
       4
       6
       1
       7
       6
      10
       5
       8
       7
       5
      10
       6
       9
       3
       3
       6
       7
       7
       5
      10
       7
       5
       3
       4
       8
       2
       6
       3
       4
       8
       3
       4
       6
       7
       4
       2
       9
       8
       7
       2
       8
       3
       5
       4
       3
       7
       5
       3
       5
       6
       7
       5
       9
       3
       5
       8
       2
       4
       3
       7
       2
       4
       6
       6
       6
       6
       3
       7
       3
       7
      10
       4
       4
       5
       9
       7
       5
       5
       5
       5
       3
       5
       6
       4
       5
       6
       6
       2
       5
       8
       2
       2
       4
       6
       4
       5
       3
       6
       3
       2
       8
       4
       6
       6
       8
       6
       3
       5
      10
       3
      12
       6
       1
       5
       1
      10
       5
       7
       3
       5
       8
       4
       9
       7
       9
       4
       4
       2
       3
       4
       2
       4
       2
       3
       3
       4
       5
       5
       4
       9
       4
       3
       6
       5
       7
       4
       3
       7
       4
       8
       2
       8
       6
       2
       3
       4
       3
       5
       5
       5
       5
       2
       6
       5
       3
       5
       7
       6
       6
       5
       6
       4
       5
       5
       5
       4
       9
       4
       5
       6
       5
       5
       2
       4
       5
       8
      14
       5
       6
       4
       4
       4
       2
       7
       6
       7
       5
       7
       7
       3
       6
       3
       5
       4
       3
       2
       5
       6
       7
       8
       3
       6
       8
       4
       3
       4
      11
       8
       7
       9
      11
       8
      12
      15
      14
       7
      24
      20
      15
      16
       8
       9
       7
       7
       6
       5
       7
       6
       5
       7
       4
       3
       6
       8
       4
       5
       8
       6
       4
       5
       2
       2
       5
       6
       3
       3
       6
       9
       6
       7
       9
       6
       7
       7
       7
       1
       9
       5
       4
       5
       3
       5
       5
       1
       4
       6
       4
       5
       6
       4
       7
       3
       8
       8
       4
       6
       4
       3
       5
       4
       2
       6
      14
       8
       4
       4
       9
       5
       4
       6
       6
       5
       3
       1
       4
       5
       3
       3
       4
       5
       7
       6
       2
       4
       8
       3
       1
       7
       6
       4
       3
       4
       2
       8
       5
       3
       4
       4
       6
       6
      10
       6
       4
       2
       2
       4
       2
       8
       9
       3
       6
       1
       4
       2
       0
       6
       3
       7
       5
       4
       2
       9
       4
       3
       3
       2
       4
       9
       9
       6
       6
       2
       3
       6
       8
       7
       3
       5
       2
       4
       3
       1
       5
       2
       3
       7
       6
       8
       4
       5
       6
       2
       3
       7
       3
       1
       4
       3
       9
       4
       6
       4
       6
       6
       9
       5
       7
       8
      13
       6
      12
       9
       3
       1
       2
       2
       4
       9
       8
       4
       3
       7
       8
       7
       7
       2
       3
       5
       2
       7
       6
       4
       2
       3
       7
       6
       2
       1
       9
       6
       6
       7
       3
       7
       1
       7
       3
       6
       5
       3
       7
       5
       6
       5
       8
       5
       5
       4
       6
       2
       4
       3
       5
       6
       4
       3
       7
       3
       2
       3
       4
       5
       6
       4
       9
       4
       6
       4
       1
       1
       5
       4
       9
       7
       1
       4
       5
       8
       5
      10
       4
       1
       3
       2
       4
       5
       6
       6
       3
       5
       2
       5
       1
       6
       7
       2
       5
       7
       5
       6
       4
       3
       4
       3
       6
       5
      11
       2
       1
       8
       9
       3
       4
       1
       6
       9
       3
       4
       5
       1
       3
       3
       3
       4
       8
       3
       5
       6
       6
       4
       3
       2
       3
       4
       2
       4
       4
       4
       2
       7
       3
       5
       4
       6
       5
       3
       4
       7
       5
      11
       6
       2
       6
       3
       2
       7
       4
       2
       7
       8
       4
       4
       6
       6
       3
       4
       3
       9
       2
       2
       6
       4
       7
       6
       3
       7
       5
       4
       3
       4
       4
       4
       6
       2
       4
       3
       3
       2
       6
       5
       4
       6
       7
       5
       6
       2
       7
       1
       4
       2
       3
       5
       3
       6
       3
       4
       4
       6
       7
       3
       8
       8
       4
       4
      11
      10
      10
       4
       8
       9
       4
       2
       4
       5
       3
       3
       2
       3
       0
       4
       2
       7
       3
       5
       3
       2
       6
       4
       5
       5
       7
       7
       1
       2
       5
       5
       7
       4
       5
       3
       5
       8
       3
       5
       5
       6
       5
       4
       4
       7
       2
       1
       8
       4
       3
       4
       9
      10
       5
       7
       1
       2
       3
       5
       3
       5
       0
       5
       6
       7
       3
       5
       4
       6
       1
       2
      10
       2
       2
       3
       6
      10
       6
       5
       5
       8
       6
       6
       7
       7
       1
       4
       4
       7
       6
       6
       6
       3
       4
       6
       5
       7
       2
       8
      11
       7
       2
       3
       7
       5
       7
       3
       4
       2
       4
       5
       3
       4
       1
       3
       7
       8
       5
       5
       3
       4
       8
       3
       3
       2
       4
       2
       4
       7
       5
       2
       7
       7
       6
       5
       6
       4
       6
       3
       4
       4
       3
       1
       5
       4
       4
       4
       3
       6
       3
       3
       4
       0
       7
       4
       6
       4
       7
       4
       6
       5
       5
       5
       5
       6
       4
      10
       9
       7
       7
       6
       3
       4
       6
       5
       5
       6
       6
       5
       5
       6
       5
       2
       3
       6
      10
       4
       4
       5
       5
       4
       6
       4
       6
       7
       1
       4
      11
      10
       7
      15
      13
       5
       4
      10
       1
       4
       6
      11
       6
       6
       5
       7
      10
       5
       5
       4
       2
       5
       5
       4
       9
       7
       2
       2
       3
       6
       4
       1
       6
       2
       2
       6
       2
       4
       1
       1
       4
       8
       2
       2
       8
       6
       2
       1
       5
       5
       5
       3
       3
       5
       1
       6
       4
       4
       5
       3
       4
       7
       5
       4
       5
       8
       6
       6
       1
       3
       1
       7
       2
       7
       3
       5
       8
       4
       4
       7
       6
       4
       4
       2
       4
       1
       3
       5
       4
       1
       6
       4
       4
       5
       4
       1
       8
       3
       4
       3
       5
       3
       5
       2
       6
       2
       6
       1
       2
       4
       6
       5
       2
       5
       6
       4
       3
       1
       2
       4
       1
       4
       2
       4
       4
       3
       3
       3
       3
       5
       4
       5
       5
       3
       7
       4
       3
       2
       1
       2
       6
       3
       2
       3
       4
       4
       3
       5
       4
       5
       8
       3
       6
       3
       4
       2
       5
       9
       2
       4
       3
       3
       1
       5
       4
       5
       5
       5
       2
       3
       2
       5
       6
       3
       9
       5
       5
       4
       3
       2
       3
       3
       4
       4
       0
       7
       2
       3
       2
       3
       5
       2
       4
       3
       3
       5
       4
       6
       0
       3
       5
       4
       5
       4
       5
       2
       1
       3
       4
       5
       7
       4
       9
       4
       4
       7
       6
       3
       2
       5
       5
       5
       3
       4
       5
       5
       5
       9
       4
       4
       3
       0
       5
       4
       3
       3
       4
       2
       4
       2
       1
       5
       5
       5
       3
       6
       4
       4
       2
       5
       1
       2
       1
       1
       2
       2
       2
       3
       2
       6
       4
       2
       5
       3
       2
       4
       3
       0
       5
       5
       6
       5
       2
       0
       6
       1
       6
       0
       3
       6
      10
       3
       2
       2
       1
       4
       6
       0
       3
       1
       6
       6
       1
       3
       2
       1
       4
       3
       2
       6
       3
       4
       3
       2
       4
       2
       6
       6
       2
       6
       2
       4
       2
       5
       4
       7
       2
       3
       4
       4
       3
       3
       3
       1
       4
       3
       6
       3
       6
       2
       5
       4
       1
       4
       4
       2
       2
       4
       4
       3
       2
       6
       2
       1
       7
       4
       9
       2
       2
       1
       0
       3
       2
       2
       4
       2
       3
       2
       1
       6
       3
       0
       6
       2
       3
       2
       4
       4
       2
       4
       2
       4
       2
       2
       4
       3
       4
       1
       1
       4
       7
       7
       3
       1
       3
       2
       4
       4
       6
       5
       3
       6
       1
       4
       7
       4
       1
       1
       3
       4
       2
       2
       5
       2
       2
       3
       2
       4
       1
       4
       3
       3
       5
       1
       3
       3
       4
       4
       2
       3
       4
       1
       2
       6
       4
       2
       1
       1
       3
       1
       6
       6
       1
       3
       3
       1
       1
       1
       2
       4
       4
       3
       4
       2
       1
       4
       7
       4
       4
       5
       7
       4
       9
       4
       3
       0
       2
       3
       2
       2
       4
       2
       2
       2
       1
       3
       1
       2
       6
       0
       3
       1
       2
       2
       0
       2
       3
       4
       2
       1
       6
       7
       5
       4
       3
       1
       4
       1
       4
       5
       3
       5
       1
       5
       0
       3
       1
       3
       3
       1
       3
       3
       0
       4
       3
       1
       4
       4
       3
       5
       1
       4
       3
       2
       2
       0
       3
       2
       1
       4
       2
       2
       1
       2
       2
       1
       2
       5
       1
       1
       3
       1
       5
       4
       1
       5
       0
       3
       3
       2
       1
       1
       2
       2
       5
       4
       2
       0
       2
       6
       2
       0
       4
       4
       3
       2
       3
       4
       6
       2
       4
       1
       1
       6
       3
       1
       3
       1
       0
       3
       4
       2
       2
       2
       6
       2
       2
       1
       3
       1
       5
       0
       3
       7
       2
       1
       2
       1
       2
       3
       3
       2
       0
       2
       2
       4
       2
       0
       2
       3
       1
       1
       1
       4
       3
       4
       1
       3
       0
       2
       4
       3
       2
       2
       4
       1
       1
       2
       7
       0
       2
       1
       2
       2
       2
       3
       3
       2
       4
       2
       4
       2
       2
       0
       2
       3
       2
       7
       3
       2
       2
       3
       4
       2
       3
       3
       3
       1
       1
       3
       3
       2
       3
       6
       4
       1
       3
       3
       3
       3
       4
       3
       1
       1
       2
       1
       1
       2
       2
       2
       4
       1
       4
       0
       1
       2
       2
       2
       0
       4
       3
       1
       4
       3
       1
       6
       6
       4
       0
       2
       0
       6
       1
       1
       3
       3
       6
       6
       7
       1
       7
       5
       1
       4
       7
       3
       3
       4
       5
       6
       4
       5
       5
       1
       2
       6
       1
       0
       3
       2
       2
       3
       4
       2
       3
       3
       2
       2
       2
       1
       1
       1
       6
       2
       3
       1
       0
       0
       5
       3
       3
       2
       3
       3
       4
       5
       3
       3
       2
       3
       4
       5
       1
       1
       5
       5
       0
       2
       2
       0
       3
       4
       1
       2
       2
       2
       2
       1
       2
       5
       3
       2
       3
       4
       4
       0
       0
       4
       1
       3
       4
       1
       3
       6
       2
       5
       1
       0
       0
       3
       1
       3
       3
       4
       5
       3
       1
       1
       1
       1
       4
       3
       5
       3
       3
       0
       3
       1
       4
       0
       4
       3
       1
       2
       4
       1
       3
       3
       5
       9
       2
       3
       3
       1
       4
       2
       1
       2
       3
       3
       4
       4
       1
       2
       2
       1
       3
       1
       2
       3
       4
       2
       0
       1
       3
       2
       5
       4
       1
       4
       3
       4
       2
       3
       4
       4
       3
       4
       3
       4
       5
       6
       3
       2
       2
       3
       4
       3
       2
       1
       3
       2
       3
       1
       1
       3
       7
       4
       1
       2
       4
       3
       1
       2
       1
       2
       4
       3
       1
       1
       0
       2
       4
       3
       2
       5
       2
       2
       1
       1
       2
       6
       3
       4
       1
       2
       2
       3
       1
       6
       3
       3
       1
       2
       2
       1
       3
       3
       1
       1
       0
       2
       1
       4
       1
       2
       1
       1
       3
       0
       0
       3
       2
       2
       3
       3
       4
       2
       1
       4
       1
       2
       2
       1
       4
       3
       2
       3
       5
       2
       2
       1
       1
       4
       6
       1
       0
       1
       3
       4
       0
       2
       0
       1
       1
       1
       2
       0
       3
       2
       3
       2
       2
       3
       0
       0
       1
       4
       4
       1
       1
       0
       2
       1
       1
       2
       2
       1
       2
       2
       3
       0
       0
       4
       4
       3
       2
       2
       4
       1
       2
       4
       6
       0
       3
       5
       2
       2
       4
       4
       4
       1
       3
       3
       0
       2
       1
       7
       4
       1
       0
       2
       4
       2
       2
       3
       2
       1
       1
       2
       4
       1
       1
       0
       1
       2
       1
       3
       3
       2
       0
       4
       2
       3
       1
       4
       3
       2
       0
       3
       0
       4
       4
       6
       3
       2
       1
       3
       3
       4
       0
       2
       1
       1
       1
       1
       3
       4
       0
       1
       2
       2
       3
       2
       4
       2
       4
       2
       4
       3
       5
       3
       4
       2
       4
       5
       1
       1
       2
       1
       3
       3
       1
       4
       2
       1
       4
       1
       2
       4
       3
       5
       4
       6
       7
       8
      10
      20
      18
      31
      25
      32
      58
      52
      64
      69
      77
      83
      85
      97
      73
     102
      71
      64
      49
      42
      48
      33
      33
      13
      10
      11
       5
       5
       3
       2
       3
       0
       1
       0
       2
       1
       0
       0
       3
       3
       2
       2
       0
       1
       3
       1
       0
       2
       0
       2
       0
       0
       5
       0
       1
       0
       2
       1
       2
       1
       2
       0
       0
       2
       1
       2
       4
       0
       2
       3
       1
       2
       1
       1
       1
       0
       4
       2
       1
       0
       3
       2
       1
       4
       0
       1
       1
       3
       3
       1
       1
       2
       1
       1
       2
       0
       1
       1
       3
       2
       3
       2
       0
       2
       3
       1
       1
       3
       1
       0
       3
       2
       3
       2
       2
       2
       0
       1
       1
       2
       1
       2
       0
       1
       0
       4
       0
       4
       3
       1
       2
       1
       2
       1
       1
       0
       4
       1
       0
       0
       1
       1
       3
       2
       1
       1
       1
       2
       1
       0
       1
       3
       1
       0
       0
       1
       1
       3
       0
       0
       0
       0
       3
       2
       1
       2
       2
       4
       2
       0
       1
       2
       1
       2
       2
       0
       3
       1
       0
       0
       1
       2
       2
       0
       1
       3
       1
       1
       3
       2
       3
       3
       3
       0
       3
       0
       1
       0
       0
       1
       3
       6
       3
       0
       2
       1
       1
       3
       3
       3
       1
       1
       3
       1
       2
       2
       1
       2
       3
       1
       2
       1
       3
       0
       3
       3
       1
       0
       2
       0
       0
       0
       0
       2
       2
       1
       2
       1
       0
       1
       2
       1
       4
       2
       1
       3
       5
       0
       1
       3
       2
       4
       1
       1
       6
       1
       1
       5
       0
       2
       4
       3
       2
       3
       3
       0
       3
       3
       1
       1
       2
       3
       0
       1
       1
       5
       2
       1
       1
       3
       1
       3
       2
       2
       0
       1
       1
       0
       2
       2
       1
       1
       0
       0
       0
       0
       0
       1
       1
       3
       1
       1
       1
       1
       4
       2
       0
       0
       0
       5
       2
       1
       2
       0
       1
       1
       1
       3
       1
       0
       1
       0
       2
       0
       3
       0
       3
       1
       0
       1
       1
       1
       0
       2
       2
       1
       0
       1
       0
       3
       1
       1
       0
       4
       0
       1
       3
       2
       2
       3
       3
       1
       1
       3
       2
       4
       2
       0
       2
       1
       0
       2
       0
       1
       0
       1
       1
       2
       1
       2
       1
       1
       2
       0
       1
       1
       2
       1
       2
       2
       3
       3
       1
       0
       1
       4
       3
       3
       1
       1
       2
       0
       0
       1
       2
       1
       0
       0
       3
       2
       2
       1
       1
       2
       2
       1
       0
       2
       2
       1
       2
       3
       0
       3
       2
       1
       2
       2
       2
       3
       3
       1
       1
       1
       2
       3
       0
       0
       3
       3
       2
       0
       2
       4
       1
       0
       2
       0
       3
       0
       2
       1
       0
       1
       2
       1
       0
       1
       1
       3
       0
       4
       2
       1
       1
       1
       1
       0
       3
       2
       0
       0
       0
       1
       1
       1
       4
       1
       2
       3
       1
       2
       2
       1
       3
       2
       2
       0
       4
       1
       0
       2
       0
       1
       2
       2
       0
       1
       0
       1
       1
       1
       2
       0
       0
       1
       1
       4
       2
       1
       0
       1
       1
       1
       1
       1
       2
       0
       0
       2
       0
       2
       0
       2
       3
       2
       2
       2
       1
       1
       2
       1
       0
       2
       2
       1
       1
       2
       2
       0
       2
       1
       0
       2
       2
       4
       1
       1
       0
       1
       2
       2
       2
       2
       3
       3
       1
       0
       2
       4
       0
       1
       1
       1
       1
       0
       1
       1
       2
       0
       2
       0
       1
       3
       0
       3
       1
       0
       1
       2
       1
       1
       2
       1
       0
       0
       3
       3
       1
       4
       1
       1
       1
       1
       0
       2
       2
       1
       1
       1
       4
       1
       2
       1
       1
       2
       2
       1
       1
       1
       1
       1
       2
       2
       1
       2
       1
       1
       0
       2
       0
       1
       3
       3
       3
       1
       1
       4
       0
       5
       0
       1
       1
       0
       1
       3
       1
       0
       1
       3
       1
       2
       0
       2
       0
       0
       2
       1
       5
       4
       1
       0
       1
       1
       2
       5
       4
       4
       3
       4
       3
       4
       6
       2
       6
       5
       1
       4
       3
       1
       2
       1
       2
       1
       5
       4
       1
       1
       1
       6
       5
       0
       5
       4
       4
       0
       1
       1
       2
       1
       2
       1
       7
       3
       1
       4
       1
       1
       1
       0
       2
       2
       0
       0
       1
       0
       0
       0
       2
       1
       1
       2
       1
       3
       3
       0
       1
       0
       4
       0
       2
       1
       2
       1
       1
       1
       0
       2
       0
       1
       5
       2
       2
       2
       2
       3
       0
       0
       1
       2
       0
       0
       3
       1
       5
       1
       2
       2
       0
       2
       2
       2
       1
       0
       1
       1
       3
       1
       1
       0
       1
       2
       0
       0
       3
       1
       1
       4
       1
       0
       0
       0
       0
       0
       0
       0
       0
       0
       0
       0
       0
       0
       0
       0
       0
       0
       0
       0
       0
       0
       0
       0
       0
       0
       0
       0
       0
       0
       0
       0
       0
       0
       0
       0
       0
       0
       0
       0
       0
       0
       0
       0
       0
       0
       0
       0
       0
       0
       0
       0
       0
       0
       0
       0
       0
       0
       0
       0
       0
       0
       0
       0
       0
       0
       0
       0
       0
       0
       0
       0
       0
       0
       0
       0
       0
       0
       0
       0
       0
       0
       0
       0
       0
       0
       0
       0
       0
       0
       0
       0
       0
       0
       0
       0
       0
       0
       0
       0
       0
       0
       0
       0
       0
       0
       0
       0
       0
       0
       0
       0
       0
       0
       0
       0
       0
       0
       0
       0
       0
       0
       0
       0
       0
       0
       0
       0
       0
$ROI:
12
353 390
407 433
538 581
912 944
1178 1226
1460 1492
1737 1779
2540 2582
3044 3070
6353 6396
6657 6688
7292 7339
$PRESETS:
None
0
0
$ENER_FIT:
0.083971 0.199486
$MCA_CAL:
3
8.397129E-002 1.994858E-001 0.000000E+000 keV
$SHAPE_CAL:
3
1.185381E+001 8.132411E-004 0.000000E+000
