$SPEC_ID:
No sample description was entered.
$SPEC_REM:
DET# 1
DETDESC# R411-BM11-1 MCB 130
AP# Maestro Version 7.01
$DATE_MEA:
04/19/2024 14:43:55
$MEAS_TIM:
4316 4319
$DATA:
0 8191
       0
       0
       0
       0
       0
       0
       0
       0
       0
       0
       0
       0
       0
       0
       0
       0
       0
       0
       0
       0
       0
       0
       0
       0
       0
       0
       0
       0
       0
       0
       0
       0
       0
       0
       0
       0
       0
       0
       0
       0
       0
       0
       0
       0
       0
       0
       0
       0
       0
       0
       0
       0
       0
       0
       0
       0
       0
       0
       0
       0
       0
       0
       0
       0
       0
       0
       0
       0
       0
       0
       0
       0
       0
       0
       0
       0
       0
       0
       0
       0
       0
       0
       0
       0
       0
       0
       0
       0
       0
       0
       0
       0
       0
       0
       0
       0
       0
       0
       0
       0
       0
       0
       0
       0
       0
       0
       0
       0
       0
       0
       0
       0
       0
       0
       0
       0
       0
       0
       0
       0
       0
       0
       0
       0
       0
       0
       0
       0
       0
       0
       0
       0
       0
       0
       0
       0
       0
       0
       0
       0
       0
       0
       0
       0
       0
       0
       0
       0
       0
       0
       0
       0
       0
       0
       0
       0
       0
       0
       0
       0
       0
       0
       0
       0
       0
       0
       0
       0
       0
       0
       0
       0
       0
       0
       0
       0
       0
       0
       0
       0
       0
       0
       0
       0
       0
       0
       0
       0
       0
       0
       0
       0
       0
       0
       0
       0
       0
       0
       0
       0
       0
       0
       0
       0
       0
       0
       0
       0
       3
      38
     106
     181
     179
     165
     165
     152
     169
     161
     163
     153
     162
     163
     141
     164
     163
     171
     155
     167
     137
     135
     160
     150
     162
     150
     142
     146
     165
     162
     143
     139
     165
     123
     148
     122
     139
     132
     134
     149
     153
     147
     125
     127
     139
     154
     143
     140
     143
     154
     141
     151
     134
     139
     138
     144
     140
     133
     119
     141
     131
     137
     128
     133
     150
     138
     121
     129
     147
     129
     142
     132
     162
     144
     127
     127
     137
     139
     153
     155
     134
     150
     165
     149
     141
     145
     161
     132
     148
     130
     150
     142
     139
     134
     154
     130
     147
     137
     129
     139
     158
     152
     160
     136
     152
     159
     149
     131
     163
     156
     140
     148
     160
     158
     146
     174
     174
     147
     156
     193
     202
     185
     168
     179
     164
     203
     166
     183
     174
     152
     180
     165
     175
     179
     188
     183
     172
     193
     193
     183
     189
     175
     183
     212
     178
     200
     212
     197
     239
     243
     261
     332
     410
     499
     584
     626
     565
     444
     409
     284
     271
     345
     461
     656
     843
     985
     977
     789
     624
     458
     335
     254
     201
     213
     224
     229
     210
     201
     206
     225
     221
     203
     194
     203
     217
     203
     214
     188
     240
     183
     219
     230
     233
     218
     223
     201
     230
     217
     220
     253
     228
     226
     229
     217
     234
     248
     243
     238
     233
     309
     320
     395
     443
     594
     638
     638
     652
     505
     463
     342
     274
     269
     267
     263
     288
     318
     386
     366
     412
     324
     322
     333
     278
     227
     253
     267
     245
     236
     222
     236
     266
     225
     234
     263
     241
     227
     269
     253
     224
     250
     253
     247
     256
     244
     247
     254
     249
     258
     241
     260
     253
     259
     240
     271
     238
     273
     247
     299
     227
     242
     269
     258
     248
     263
     288
     239
     264
     277
     274
     279
     266
     253
     275
     271
     276
     261
     278
     260
     278
     273
     286
     254
     238
     274
     248
     280
     299
     279
     246
     279
     255
     255
     274
     308
     286
     277
     257
     257
     269
     258
     258
     289
     288
     285
     266
     307
     281
     255
     274
     267
     266
     291
     269
     280
     262
     279
     315
     299
     287
     267
     282
     300
     266
     300
     306
     274
     276
     292
     278
     280
     296
     268
     313
     278
     275
     312
     274
     249
     281
     312
     293
     270
     295
     296
     255
     289
     258
     293
     271
     292
     260
     340
     305
     297
     316
     268
     287
     305
     288
     309
     304
     301
     277
     317
     282
     285
     289
     300
     279
     273
     276
     317
     283
     318
     327
     269
     304
     258
     301
     266
     274
     322
     298
     308
     276
     305
     302
     292
     303
     290
     275
     258
     289
     302
     281
     278
     300
     299
     276
     271
     278
     282
     274
     262
     253
     284
     290
     310
     311
     292
     254
     259
     230
     269
     272
     288
     270
     280
     286
     237
     305
     300
     289
     304
     281
     300
     312
     310
     291
     283
     258
     283
     299
     248
     293
     306
     267
     272
     280
     245
     304
     282
     262
     281
     290
     307
     288
     292
     320
     263
     304
     262
     262
     277
     280
     270
     268
     271
     276
     298
     279
     273
     298
     246
     278
     270
     263
     275
     314
     271
     286
     273
     296
     284
     262
     283
     230
     252
     237
     288
     261
     284
     242
     291
     248
     260
     257
     262
     259
     272
     271
     265
     251
     257
     272
     259
     284
     266
     291
     281
     255
     280
     252
     272
     262
     255
     270
     248
     250
     268
     263
     255
     280
     273
     242
     274
     267
     270
     286
     230
     263
     271
     259
     255
     243
     269
     230
     240
     263
     248
     277
     250
     289
     244
     243
     246
     255
     222
     278
     290
     268
     250
     247
     244
     248
     267
     258
     239
     246
     242
     228
     250
     224
     229
     281
     241
     241
     244
     214
     234
     260
     240
     238
     243
     245
     240
     243
     229
     253
     242
     243
     236
     233
     239
     266
     244
     220
     246
     213
     263
     250
     225
     254
     248
     227
     245
     236
     256
     242
     237
     224
     243
     220
     230
     267
     247
     237
     246
     213
     251
     239
     240
     196
     210
     197
     237
     219
     211
     230
     245
     216
     233
     221
     233
     242
     229
     193
     196
     214
     218
     256
     208
     222
     214
     213
     211
     211
     219
     237
     240
     233
     211
     230
     240
     183
     183
     229
     202
     204
     215
     220
     232
     227
     220
     212
     203
     193
     235
     198
     216
     212
     234
     204
     213
     216
     204
     210
     226
     210
     211
     188
     208
     217
     219
     202
     212
     218
     196
     204
     180
     211
     198
     212
     215
     200
     194
     204
     213
     193
     196
     183
     178
     191
     204
     206
     160
     189
     195
     197
     181
     182
     201
     178
     201
     162
     198
     187
     190
     167
     191
     185
     183
     187
     157
     201
     156
     176
     180
     197
     207
     180
     195
     173
     195
     187
     192
     202
     175
     181
     195
     203
     178
     192
     171
     176
     187
     188
     167
     218
     169
     169
     157
     176
     167
     181
     157
     186
     151
     174
     163
     177
     181
     165
     173
     148
     175
     161
     152
     170
     195
     163
     187
     193
     174
     170
     179
     162
     189
     170
     154
     161
     163
     171
     191
     176
     165
     163
     174
     176
     156
     171
     145
     166
     158
     137
     162
     174
     167
     176
     167
     176
     159
     170
     156
     158
     160
     155
     153
     187
     146
     164
     162
     161
     154
     158
     151
     137
     152
     119
     142
     162
     174
     173
     157
     169
     159
     151
     165
     173
     135
     144
     155
     149
     138
     157
     144
     153
     147
     152
     147
     169
     143
     127
     128
     126
     137
     158
     144
     133
     151
     137
     158
     146
     138
     135
     128
     146
     153
     137
     131
     143
     152
     132
     153
     169
     138
     139
     133
     161
     164
     165
     140
     164
     164
     132
     151
     157
     129
     138
     146
     140
     142
     147
     139
     136
     134
     138
     146
     157
     135
     128
     135
     144
     142
     130
     134
     135
     133
     156
     142
     136
     122
     146
     132
     125
     127
     143
     122
     129
     145
     129
     137
     129
     131
     121
     113
     113
     117
     135
     108
     121
     118
     126
     130
     105
     126
     106
     134
     116
     124
     127
     127
     131
     110
     115
     129
     105
     109
     139
     118
     118
     143
     119
     109
     122
     121
     115
     118
     130
     124
     115
     119
     112
     106
     115
     122
     116
     118
     122
     120
      93
     123
     133
     134
     111
     104
     115
     114
     116
     124
     128
     107
     113
     107
     113
     121
      99
     105
     107
     125
     119
      95
      92
      88
     107
     112
     120
     123
     112
     116
     110
     105
     123
     127
     114
     119
     126
     126
     127
     109
     118
     112
     103
      99
     118
     109
     100
     105
     119
     105
     115
     130
     115
     105
     108
     113
     108
     113
     100
     107
      97
     106
      95
      96
     110
      98
      90
      94
     121
     103
     108
      95
     115
      87
      92
     116
     103
      89
     111
      96
      97
     127
     116
      91
      99
     116
      82
      89
     102
     120
      89
      97
     104
      82
      96
      89
     112
     114
     103
     114
     103
      93
     103
      96
      96
     110
     106
     102
      80
      93
      96
     100
      98
      69
     101
     106
     107
     100
      82
     110
      96
     100
      92
      88
      97
     104
      78
      95
      93
      85
     100
      99
     103
      88
      88
      95
      99
      96
      84
     104
     106
     111
      71
     108
      94
      92
      91
     110
      74
     100
      96
      94
      79
      94
      92
      73
      81
     100
     104
      89
      73
      90
      87
      91
     103
      90
      96
      85
      98
      78
      65
      91
     114
      81
      80
      82
      77
      79
      82
      73
      70
     103
      81
      88
      77
      76
      96
      87
      74
      89
      74
      82
      81
      92
      67
      92
      83
      74
      71
      84
      89
      91
      76
      80
      82
      70
      81
      78
      65
      82
      67
      79
      88
      87
      86
      79
      92
      79
      94
      74
      87
      82
      83
      69
      78
      92
      94
      69
      83
      86
      77
      69
      72
      89
      77
      82
      92
      88
      70
      77
      85
      69
      76
      76
      89
      75
      74
      66
      88
      60
      92
      78
      78
      75
      75
      74
      72
      74
      76
      77
      78
      70
      61
      83
      79
      69
      73
      75
      67
      78
      85
      74
      61
      63
      68
      82
      78
      61
      67
      93
      70
      73
      65
      60
      78
      61
      60
      72
      72
      57
      74
      84
      77
      73
      75
      93
      78
      69
      55
      54
      74
      81
      71
      75
      63
      64
      64
      67
      66
      73
      68
      63
      62
      70
      72
      69
      59
      72
      78
      68
      70
      72
      67
      65
      71
      76
      76
      71
      82
      73
      62
      71
      66
      71
      74
      76
      60
      75
      60
      73
      63
      59
      63
      75
      65
      67
      76
      72
      67
      57
      71
      64
      55
      72
      63
      67
      80
      62
      51
      57
      65
      70
      61
      53
      61
      55
      65
      59
      53
      57
      55
      65
      63
      48
      82
      68
      58
      55
      57
      58
      74
      71
      51
      63
      70
      66
      71
      62
      60
      67
      66
      60
      63
      80
      67
      61
      48
      63
      63
      48
      54
      60
      76
      54
      54
      52
      58
      57
      50
      66
      45
      64
      59
      60
      58
      51
      53
      68
      63
      55
      57
      56
      50
      56
      51
      52
      60
      45
      59
      49
      59
      55
      73
      56
      70
      47
      50
      54
      48
      59
      64
      51
      55
      66
      56
      51
      67
      52
      51
      60
      61
      62
      59
      40
      54
      60
      51
      52
      71
      59
      64
      53
      54
      52
      52
      69
      53
      63
      63
      47
      45
      54
      37
      57
      46
      57
      55
      55
      55
      47
      53
      53
      49
      65
      52
      58
      48
      46
      48
      56
      50
      48
      53
      46
      70
      51
      47
      48
      58
      52
      54
      65
      50
      53
      61
      39
      54
      45
      54
      56
      46
      61
      47
      51
      59
      49
      39
      39
      47
      51
      52
      51
      39
      45
      59
      50
      49
      45
      44
      51
      46
      43
      55
      45
      55
      54
      63
      46
      38
      63
      51
      44
      51
      48
      61
      47
      53
      45
      57
      52
      51
      37
      50
      50
      37
      55
      64
      47
      38
      49
      49
      52
      46
      39
      46
      40
      57
      36
      40
      43
      53
      48
      47
      45
      53
      39
      48
      46
      44
      51
      46
      50
      53
      47
      68
      44
      50
      53
      47
      46
      46
      51
      46
      42
      43
      45
      36
      45
      44
      32
      47
      39
      53
      46
      48
      58
      37
      38
      54
      52
      40
      47
      49
      45
      54
      47
      42
      42
      43
      43
      43
      45
      46
      40
      45
      49
      37
      47
      46
      43
      47
      49
      53
      59
      45
      38
      46
      55
      52
      36
      34
      51
      39
      39
      38
      38
      34
      34
      40
      51
      50
      47
      37
      50
      50
      35
      52
      43
      39
      35
      45
      41
      35
      50
      30
      46
      54
      37
      46
      47
      29
      54
      51
      44
      40
      29
      42
      38
      39
      32
      36
      39
      32
      37
      47
      39
      48
      40
      48
      46
      41
      44
      41
      51
      33
      41
      43
      38
      35
      46
      33
      38
      39
      38
      36
      43
      39
      37
      47
      37
      44
      30
      36
      44
      34
      31
      51
      44
      39
      28
      43
      35
      34
      40
      35
      42
      52
      30
      41
      26
      33
      42
      43
      35
      38
      33
      50
      38
      28
      34
      36
      31
      39
      34
      43
      28
      34
      39
      37
      41
      46
      28
      29
      36
      38
      37
      39
      41
      44
      33
      40
      48
      34
      38
      37
      34
      32
      43
      32
      25
      36
      41
      29
      35
      37
      36
      31
      39
      33
      41
      38
      27
      33
      31
      39
      41
      33
      32
      36
      42
      37
      36
      39
      42
      25
      42
      37
      48
      34
      34
      30
      30
      31
      34
      31
      28
      22
      39
      34
      43
      33
      38
      45
      27
      31
      34
      38
      41
      31
      32
      42
      39
      39
      36
      38
      34
      28
      25
      30
      34
      46
      21
      28
      33
      33
      34
      33
      37
      33
      40
      29
      41
      39
      20
      39
      36
      31
      36
      34
      39
      33
      35
      38
      37
      30
      33
      34
      33
      39
      33
      42
      30
      18
      42
      32
      34
      30
      40
      25
      34
      28
      44
      23
      25
      28
      31
      31
      22
      32
      26
      37
      29
      40
      30
      41
      26
      28
      24
      31
      27
      28
      40
      40
      33
      38
      37
      37
      29
      37
      38
      31
      36
      28
      32
      26
      22
      28
      40
      39
      32
      41
      38
      32
      32
      24
      30
      34
      37
      36
      39
      33
      28
      19
      23
      21
      31
      42
      30
      28
      31
      39
      30
      30
      36
      30
      26
      37
      36
      34
      24
      22
      30
      25
      27
      30
      24
      34
      22
      29
      28
      25
      32
      33
      36
      27
      27
      38
      23
      29
      24
      30
      25
      25
      35
      35
      30
      24
      28
      34
      33
      38
      23
      41
      32
      37
      30
      36
      34
      30
      30
      23
      33
      27
      22
      36
      33
      33
      29
      24
      38
      26
      32
      25
      31
      29
      23
      29
      26
      32
      30
      24
      17
      28
      22
      22
      22
      30
      22
      29
      29
      33
      31
      26
      35
      27
      29
      20
      22
      16
      28
      27
      32
      26
      24
      27
      26
      37
      33
      22
      25
      32
      26
      33
      23
      27
      25
      26
      30
      27
      33
      37
      29
      36
      26
      16
      29
      24
      30
      26
      25
      29
      20
      30
      28
      24
      16
      31
      23
      31
      31
      22
      22
      28
      17
      26
      33
      22
      38
      33
      43
      27
      31
      29
      29
      29
      29
      23
      22
      32
      19
      19
      24
      33
      33
      32
      21
      24
      24
      29
      29
      22
      23
      24
      25
      33
      24
      33
      33
      33
      25
      22
      24
      26
      27
      25
      25
      18
      33
      26
      23
      21
      24
      25
      24
      25
      23
      26
      25
      24
      25
      21
      23
      37
      33
      21
      31
      23
      24
      27
      23
      26
      30
      23
      28
      29
      22
      16
      18
      25
      24
      23
      22
      28
      21
      33
      24
      23
      19
      19
      18
      25
      24
      29
      29
      26
      31
      20
      24
      23
      28
      29
      21
      26
      28
      27
      27
      19
      21
      20
      17
      31
      17
      29
      24
      19
      23
      23
      26
      26
      27
      19
      24
      20
      28
      26
      31
      16
      32
      18
      26
      30
      21
      25
      16
      34
      27
      29
      18
      18
      20
      22
      25
      21
      16
      23
      23
      21
      16
      27
      29
      26
      22
      20
      21
      27
      28
      25
      19
      31
      26
      18
      18
      19
      26
      23
      25
      24
      20
      19
      16
      30
      16
      28
      21
      18
      17
      23
      21
      30
      31
      19
      18
      32
      23
      18
      18
      26
      22
      22
      25
      18
      19
      32
      19
      29
      12
      17
      22
      22
      20
      23
      29
      29
      27
      29
      26
      17
      22
      19
      15
      22
      29
      17
      25
      18
      18
      19
      21
      20
      20
      29
      18
      28
      23
      24
      26
      16
      25
      26
      20
      26
      22
      18
      17
      24
      19
      18
      29
      31
      23
      27
      22
      24
      21
      17
      27
      17
      18
      23
      22
      19
      12
      19
      28
      17
      18
      25
      18
      24
      19
      20
      18
      17
      20
      28
      27
      22
      19
      23
      20
      24
      23
      17
      21
      21
      24
      32
      25
      23
      18
      15
      21
      23
      17
      19
      22
      24
      25
      20
      13
      22
      18
      24
      22
      18
      27
      22
      14
      24
      17
      18
      14
      28
      22
      25
      25
      18
      17
      26
      15
      24
      21
      14
      25
      21
      23
      21
      20
      19
      14
      18
      18
      17
      28
      23
      17
      31
      25
      26
      26
      24
      29
      19
      25
      32
      41
      52
      46
      44
      41
      58
      50
      42
      39
      55
      36
      44
      38
      39
      38
      35
      28
      27
      13
       9
      17
      24
      25
      19
      14
      25
      32
      19
      20
      17
      19
      21
      19
      25
      21
      20
      20
      18
      16
      21
      14
      21
      15
      13
      16
      18
      24
      19
      17
      20
      22
      33
      15
      25
      16
      26
      19
      20
      22
      18
      25
      12
      15
      18
      16
      16
      15
      21
      18
      22
      20
      21
      23
      22
      15
      19
      15
      16
       9
      19
      20
      21
      21
      14
      17
      11
      22
      20
      14
      19
      15
      17
      18
      17
      24
      21
      19
      16
      18
      19
      29
      11
      17
      21
      13
      16
      15
      23
      14
      17
      24
      20
      19
      17
      16
      16
      20
      25
      19
      16
      20
      20
      20
      20
      17
      19
      18
      17
      11
      17
      19
      20
      19
      19
      13
      22
      21
      14
      21
      18
       8
      24
      22
      18
      25
      21
      13
      14
      22
      24
      17
      17
      13
      20
      19
      11
      20
      19
      21
      18
      11
      17
      21
      22
      17
      16
      18
      16
      25
      20
      16
      16
      22
      15
      15
      12
       8
      20
      12
      10
      19
      14
      21
      26
      14
      13
      17
      22
      23
      30
      21
      13
      22
      18
      21
      17
      14
      16
      10
      22
      26
      11
      18
      15
      21
      18
      18
      20
      16
      11
      19
      15
      21
      21
      23
      17
      14
      16
      19
      27
      18
      16
      17
      19
       9
      14
      12
       7
      23
      15
      15
      12
      17
      13
      14
      19
      13
      20
      13
      18
      20
      15
      12
      10
      22
      21
      12
      12
      18
      14
      18
      20
      17
      17
      16
      11
      17
      16
      15
      25
      18
      20
      20
      16
      15
       9
      18
      23
      22
      21
      19
      13
      19
      16
      12
      16
      19
      22
      22
      25
      28
      16
      14
      17
       8
      18
      21
      15
      16
      13
      13
      19
      17
      14
      16
      13
      22
      20
      10
      15
      14
      15
      12
      14
      16
      16
      21
      14
      16
      14
       9
      21
      13
      20
      15
      19
      15
      16
      12
       9
      18
      17
      19
      15
      15
      17
      17
      13
      18
      13
      12
      11
      19
       7
      15
      15
      19
      13
      18
      19
      22
      16
      15
      14
      10
      20
      18
      18
      11
      17
      11
      13
      16
      15
      12
      18
      11
      18
      14
      19
      27
       8
      17
      18
      18
      21
      20
      21
      28
      17
      24
      16
      18
      17
      13
      14
      19
      20
      19
      20
      17
      11
      15
      10
      10
      22
      10
      14
      12
      21
      20
      18
      17
      13
      19
      13
      14
      18
      11
      15
      21
      17
       9
      13
      11
      14
      18
      11
      22
      15
      10
      11
      23
      11
      16
      25
      13
      11
      14
      23
      11
      16
      14
       7
      17
      16
       9
      17
      12
      13
      18
      10
      11
      18
       9
      14
      14
      17
      19
      15
      18
       9
      14
      10
      13
      14
      19
      19
      15
      16
      21
      10
      14
      15
      17
      15
      12
      11
      10
      18
      14
      16
      12
      12
      15
      14
       8
      14
      16
      13
      14
      10
      24
      10
       8
      19
      13
      18
      14
      10
      22
      14
      11
      16
      15
      10
       9
      14
      19
      13
       9
      13
      18
      17
      22
      12
      22
      26
      21
      17
      21
      25
      36
      21
      17
      19
      10
       9
      16
      15
      23
       9
      12
       7
      20
      13
      16
      13
      18
      18
      14
      22
      13
       8
      13
      10
      19
      17
      13
      10
      17
      13
      13
      11
      19
      11
      12
      22
      11
      13
      11
       8
      16
      14
      20
      13
      11
      15
      15
      10
      13
      17
      10
      16
      11
      19
      16
       7
      14
       9
      21
      10
      15
      17
      12
      11
      13
      14
      17
      16
      17
      15
      13
      17
      11
      15
      10
      12
      17
      15
       6
       9
      15
      13
      13
      13
      19
      15
      14
      15
       9
      16
      15
      13
       5
       6
      19
      12
      13
      13
      16
      14
      16
      20
      11
      16
      17
      19
      13
       5
      13
      12
      18
      14
      14
      16
       6
       9
      12
      11
      18
       4
       7
      11
      17
       9
      15
      17
      17
      13
      13
      13
      13
      12
      11
      12
       6
      12
      16
       5
      15
      10
      11
      15
      12
       6
       9
       2
      12
      17
      10
      13
      15
       9
      17
      11
       7
      16
      13
       9
       7
       8
      12
       8
      14
      14
       8
      12
      17
      13
      10
      13
      17
      12
       8
      10
      16
      15
      17
       8
      13
      11
      13
       9
      10
      18
      13
       9
      15
      18
      15
       9
       8
      17
      15
       9
       6
       7
      14
      12
       9
       9
      14
       9
      13
      16
      10
      14
       9
      17
      14
       9
      14
      15
       8
      11
       9
       9
      12
      17
      10
      15
       9
       8
      14
      15
      16
      10
      10
      13
       3
      11
      11
       9
      16
      12
       9
      11
      16
      12
      18
      16
      15
      12
       8
       8
       8
      14
      12
      11
      15
       6
      10
      13
      12
       8
      11
       8
      10
      13
      12
      15
       5
      10
      11
      15
      15
      14
      13
       8
      12
      12
      12
      16
      14
      13
      11
       6
      19
      11
       7
      14
      18
      10
      11
      19
       7
      13
       7
      12
      11
      10
      12
       9
      11
      12
       7
      10
       8
      14
      11
      10
      10
      19
       9
       8
      13
      10
       7
      16
      12
       9
      14
      14
      10
       9
      12
      15
       7
       9
      11
      12
       8
      12
      11
      13
       7
       6
      16
      11
      14
      12
      15
       8
      13
      10
       9
      20
      12
      14
      11
      14
      11
       5
      10
      13
       9
       7
      10
      12
      14
      11
      13
      11
      18
      16
      11
      14
      10
       8
      18
      11
      12
      16
      15
      10
      11
      14
      11
      10
       6
      13
      14
      12
      11
      14
      17
      12
      13
      11
      21
       9
       9
      10
      11
      15
      11
      14
       8
       7
       9
      18
       6
       8
      20
      10
       7
       6
       9
      10
      12
      13
       9
       5
      11
      10
      11
      10
       9
      11
      12
      14
      13
      13
      14
      14
       9
       9
      14
      14
      12
      16
      11
      13
      12
      10
      16
      18
      10
      12
      12
      13
      13
      10
       8
       4
      11
      11
       9
       6
      15
      17
       8
      10
       9
      12
      12
      14
      14
       9
       9
      16
      11
       8
      13
      13
      18
       9
      14
      15
      10
      12
      10
      10
      12
      13
       6
      12
      16
      13
      13
       5
       7
      13
      10
      13
       7
      10
      12
      12
      10
       8
      16
       9
      15
      14
      15
       6
      12
      15
       6
      14
       8
       8
      14
       7
       9
       6
      12
      14
      10
       6
       6
      13
      10
       8
       8
      11
      17
      18
       9
      12
      12
      14
       9
      14
      12
      10
      13
      13
       4
      11
       9
      11
      13
      11
       7
       9
      13
      10
      17
       8
      13
      10
       9
      13
       7
       8
       9
      11
       8
       8
       9
      17
      12
       9
      12
      22
      16
       8
       9
      12
      12
      15
      15
      12
      14
      14
       9
      16
      13
      12
      17
       8
      13
      11
      13
       8
      12
       7
       6
      11
      12
       8
      12
      17
       4
      10
       5
      13
       5
      14
       7
      10
      11
      15
       9
      10
      17
      12
      10
       9
       8
      14
       7
      20
       8
       9
       9
      10
      12
      13
      15
       7
       7
      13
      16
      14
      15
       9
       8
      13
      10
       8
       9
      10
      11
      11
       9
       5
       7
       6
      13
       9
      14
      10
      12
       4
       8
      11
       5
      12
      10
      11
       6
      11
      11
      11
      17
       5
       9
       8
       7
       9
      15
       8
       7
       9
      10
      14
      11
      15
       8
      14
      11
       7
      11
      13
       9
       8
      11
      12
       9
      12
       7
      10
       7
      11
       7
      13
       9
      13
       9
       7
      13
      13
      11
      13
       5
       7
       5
       5
       7
       8
       9
      11
       7
      17
       8
      11
      15
       7
      13
       5
       9
       1
       6
       6
       7
       9
      10
      10
       7
       9
      13
       6
       6
       7
       6
       9
       8
      14
      14
      11
       7
      14
       8
      14
      12
      10
       7
       8
      11
       8
      12
       4
      15
       7
      17
       8
       2
      10
      14
       9
      12
       6
      11
       6
       7
      14
       6
      14
       8
      12
       7
      10
      11
       8
       6
       6
      10
       1
       8
      10
       4
       8
      10
      10
      12
       5
      10
       8
       5
      11
       9
      10
       7
      11
       6
      10
       8
      10
       9
       7
       9
       7
       3
       7
      10
       8
      12
      11
       9
       6
       4
      14
      11
       8
       8
       8
       8
      11
       9
       7
       9
      10
      13
       9
      15
       9
      10
       5
      15
       7
       8
      10
      16
      11
       7
       7
      10
      13
       9
       8
      12
       8
       5
      15
       6
       8
       9
      11
       4
       9
       9
       7
       9
       9
       8
       8
       5
       9
      11
      12
       7
      12
      12
      11
       6
      17
       4
       9
      10
      14
       8
      10
      14
       7
       8
       8
      11
       9
       2
       8
       6
      10
       9
       8
       4
       6
      11
      11
      11
       6
      15
       3
      10
       8
      11
      12
      10
      10
       6
      10
      11
       9
       9
      13
       6
      20
      13
      10
       7
      10
       9
       8
       9
      10
      15
       6
       4
       7
      10
       7
       6
       7
      10
      13
       9
      11
      12
      10
       7
      10
       6
       9
       9
       5
      14
      12
      12
       6
      18
       6
      11
      11
       7
       9
      13
      10
       9
       7
      12
       7
       9
      15
      12
       6
      13
       6
       8
       6
      14
       8
       8
      10
       6
      13
       3
      10
       8
       6
       5
      10
       6
       8
       9
       6
      13
      10
      13
       4
       9
       6
       6
       8
       6
       5
      10
      12
       7
       8
       4
       8
       6
       9
       5
       5
      10
      11
      16
      12
      11
      13
      11
       7
       6
      10
       7
      14
       6
       9
       4
       6
      10
       8
      11
      11
      11
      11
      12
       9
      11
      12
       7
      15
       9
       3
       9
      14
       4
      10
       8
       6
       5
       9
      12
       9
       8
      13
       6
       8
       5
      10
       8
       8
       6
      11
       9
       4
       6
      10
       7
       6
      10
       5
       9
       7
       7
       5
       7
       6
       3
      10
       6
       7
       7
       9
       5
       8
       5
       6
      10
      11
      10
       7
       8
       8
       6
       7
      11
       8
       6
       7
       8
       7
      10
       8
       6
      14
       8
       5
       8
       5
       8
       8
       8
       7
      12
      12
      13
       6
       7
      11
       3
       8
       8
      14
      15
      12
       9
       7
       7
      10
       6
       3
       6
      12
       5
       8
       9
      10
       6
       5
       9
       7
       4
       9
       5
       2
       3
       5
      10
       4
      10
       8
       4
       7
       9
       9
       6
      12
       7
       4
      12
      10
       5
       6
       7
      12
      10
       7
       9
      11
       6
       6
       8
       7
       9
      14
      12
      12
       5
      11
       8
       8
       6
      14
       5
       5
      11
       8
      14
       5
       6
       4
      11
       6
       8
       9
       7
      11
      13
      13
       8
       7
       6
       9
       7
       9
      10
      11
       6
       7
       7
      14
       8
       4
       6
       8
       5
       5
      17
       6
      10
      11
       6
       8
       4
       8
       5
       6
      12
      12
      11
      11
       6
       6
       8
      12
       9
       7
       5
       9
      16
       7
       6
      10
       7
       7
       4
      10
      13
       8
       4
       2
       7
       9
       2
       7
       9
       6
       8
       7
       4
       8
       9
      11
      11
      11
      10
       7
      12
       7
       7
       6
      14
      10
       1
      11
      11
       6
      12
       8
       8
      12
       9
      14
      13
      10
       7
       3
       7
       6
       3
       5
      12
       8
      12
       7
      10
       6
       4
       7
       8
       9
       6
       8
      10
       8
       9
       5
       9
       5
      11
       7
      10
       7
      11
       6
       9
       8
      11
       9
       6
       5
       8
       6
       7
      13
       4
       9
      10
       7
       6
      10
       5
       4
       7
       4
       6
       7
       9
       8
       6
       7
       9
      10
       8
       5
       6
       8
       3
      13
      10
       6
       7
       8
       9
       6
      10
      10
       4
      10
       3
       9
       8
      14
      11
       8
       7
      11
      10
      11
       8
       6
      10
      15
       7
       5
       6
       5
      10
       8
       5
      10
       9
       8
       4
       5
       4
       4
      10
       8
       4
      12
       5
      10
       5
      10
       7
       6
       2
       8
      11
       8
       5
      11
       5
      11
      11
       5
       6
       7
       6
       9
       7
       5
      13
       6
       6
       3
       7
      10
       9
       3
       7
       9
       3
       6
       6
       4
       5
      14
       2
       4
      10
       4
      10
       9
      10
       9
       6
       7
       5
       5
       8
      11
       4
       9
       5
       8
       3
       7
       9
      10
      12
       4
       8
       6
       9
       5
       5
       8
       7
       3
      10
       7
       8
       7
       9
       4
       9
      11
       4
       6
       9
       4
      11
       5
       8
       5
       5
       3
       3
       8
      12
       5
       8
       5
       6
       2
       7
      10
       3
      10
       5
      10
       7
       8
       2
       6
       8
       8
       8
      17
       8
       7
      13
       2
       8
       8
       1
       9
       8
      11
       5
       5
      10
       8
       8
       3
       5
       8
       5
       5
       5
       8
       6
       8
      10
       8
       9
       5
       5
      12
       9
       9
      10
       3
       8
       6
      10
      11
       6
       5
       6
       7
       6
       8
       7
       9
       5
       8
      10
       8
      12
      14
      10
       8
      14
      10
      15
      17
      22
      22
      16
      17
       8
      18
      14
      11
       7
       4
       3
      10
       5
       8
       6
       7
       6
       7
       5
       8
       7
       6
       7
       8
       4
       5
       6
       8
       7
       4
       7
       7
       6
      11
       8
       7
       7
       2
       5
       9
       7
       5
       7
       3
       3
       9
       5
       4
       9
       9
       7
       7
       6
       4
      11
       8
       4
       3
       3
       5
       5
       6
       7
       7
       5
       7
       9
       7
       6
       6
       4
       6
      10
      12
      13
       3
      11
      10
       8
       6
      13
       5
       7
       6
       5
       9
       9
       4
       4
      11
       6
       4
       5
       6
       4
       9
      12
       4
       7
       6
       4
       6
       6
       4
       5
       9
       5
       7
       9
       5
       3
       5
       7
       3
       5
       8
      14
       1
      11
       7
      12
       8
       7
       7
       6
       6
       7
       3
      10
      12
      10
       8
       4
       4
       4
       6
       8
       6
       6
       6
       6
       9
       3
       5
       5
       9
       2
       4
       6
       8
       9
       6
       6
       8
       8
       6
       4
       4
       8
       8
       3
       6
       6
       6
      10
       7
       6
       7
       9
       4
       4
       5
      12
       2
       6
       6
       6
       5
       6
       7
       8
      11
       6
       8
       5
       8
      10
       2
       8
       6
       4
      10
       3
       8
       6
       6
       8
       6
       5
       2
       6
       5
       8
      11
       4
       6
       6
      10
       2
       8
       5
       4
       5
       4
       5
       4
       7
       3
       3
       4
       5
       6
       5
       4
       4
       7
       4
       5
       5
       5
       8
       8
       8
      10
       5
      10
       4
       4
       7
       9
       5
       2
       8
       5
       9
       6
       4
       8
       8
       5
       3
       6
       5
       6
       4
       8
       4
      11
       9
       7
       5
      10
      12
       9
       8
       6
      11
       9
       8
       8
       9
       5
       4
       2
       6
       5
      13
       3
       6
       8
       6
       9
       3
      12
      14
       7
      17
      15
       7
       7
       9
      18
      14
      11
      10
       8
       5
       5
       8
       3
       7
       6
       6
       4
       7
       8
       8
       6
       6
       6
       3
       2
       2
       3
       6
       7
       4
      11
       4
       5
       7
       8
       5
       5
       7
       3
       4
       5
       5
      14
       8
       8
       9
       4
       8
       8
       4
       4
       4
       7
       4
       8
       4
      10
       6
       7
       2
       3
       5
       3
       5
       7
       6
       4
       5
       8
      10
       5
      11
       1
       7
       3
       7
       4
       6
       3
       6
       8
       6
       2
       5
       5
       4
       6
       3
       6
       7
       4
       6
       3
       7
       8
       4
       8
       5
       5
       3
       6
       6
       9
       7
       2
       5
       6
       8
       4
       9
       8
       9
       5
       9
       7
       3
       5
       5
       6
       6
       8
       2
       5
       8
       5
       6
       3
       8
       4
       4
      13
       8
       9
      10
       3
       4
       8
       3
       4
       5
       3
       7
       6
       5
       6
       5
       3
       6
       6
       6
       6
       9
       6
       6
       5
       9
       5
       9
       4
       3
       3
       6
       6
       4
      10
       5
       6
       3
       7
       6
       4
       9
       7
       2
       3
       5
       7
      11
       0
       4
       6
       8
       4
       4
       3
       9
       7
       4
       3
       4
       4
       4
       7
       5
       7
       6
       5
       8
       4
       4
       7
       6
       5
       4
       4
       3
       1
       6
       2
       7
       6
       8
      13
       8
       8
       2
      13
       5
       8
       7
       4
       6
       2
       7
       2
       3
       3
       9
       7
       7
       2
       3
       6
       3
       7
       3
       6
       6
       5
       5
       7
       6
       4
       5
       6
       4
       6
       9
       7
       4
       8
       2
      11
       4
       4
       4
       2
       6
       4
       2
       6
       4
       3
       8
       7
       4
       7
       4
       6
       6
      12
       6
       3
       9
       7
       6
       5
       2
       4
       5
       8
       8
       2
       7
       7
       5
      13
      15
       4
       6
       6
      11
       6
       7
       4
       4
       4
       8
       6
       5
      10
       3
       3
       3
       5
       7
       2
       3
       2
       3
       6
       9
       6
       9
       5
       5
       6
       6
       8
       5
       6
       3
      10
       8
      10
       5
       6
       6
      10
       5
       3
       7
       8
       6
       4
       9
       7
       7
       6
       4
       4
       5
       6
       4
       2
       4
       7
       8
       3
      12
       7
       8
       5
       8
       4
       4
       8
      11
       3
       6
       3
       8
       9
       3
       6
       3
       5
       5
       6
       7
       8
       5
       3
       2
       4
       7
       5
       8
       8
      11
       2
       8
       3
       4
       2
       4
       9
       7
       4
       3
       6
       5
       1
       7
       4
      10
       2
       5
       3
       6
       6
       4
       5
       9
       3
       1
       6
       2
       6
       6
       8
       9
       5
       7
       6
       3
       6
       5
       6
       3
       5
       2
       5
       7
       6
       3
       4
       6
       3
       3
       3
       5
       5
       6
       4
       5
       3
       4
       6
       8
       4
       6
      11
       6
       7
       8
       7
       8
       5
       5
       5
       9
       8
       2
       5
       5
       6
       6
       4
       5
       3
       4
       9
       9
       7
       4
       5
       4
       6
       5
       4
       5
       4
       6
       3
       5
       3
       7
       5
       5
       4
       3
       4
       8
       3
       8
       4
       6
       5
       4
       9
       5
       5
       4
       9
       6
       5
       7
       8
       5
       5
       6
       5
       9
       9
       5
       0
       8
       6
       4
       5
       1
       2
       4
       5
       5
       4
       6
       2
       6
       4
       2
       3
       3
       7
       4
       8
       8
       6
       4
       3
       8
       2
       3
       7
       5
       4
      10
       5
       6
       6
       5
       5
       7
       5
       4
       6
       7
       4
       5
       5
       3
       5
       7
       6
       9
       6
       5
       6
       8
       3
       8
       8
       2
       6
       8
       5
      10
       9
       6
       3
       6
       2
       7
       2
       6
       5
       7
       6
       5
      12
       6
       4
       5
       5
       7
       6
       3
       3
       6
       5
       6
       3
       6
       3
       5
       9
       5
       5
       7
       6
       7
       8
       3
       6
       6
       1
       7
       4
       7
       7
       5
      10
       8
       4
       6
      11
       2
       7
       7
       5
      10
       7
      10
       7
       6
       3
       4
       4
       4
       5
       9
       8
       5
       2
       8
       4
       6
       3
       3
       4
       7
       4
       8
       5
       5
       6
       6
       5
       5
       3
       3
       5
       4
       3
       4
       8
       5
       4
       7
       5
       8
       4
       7
       3
      10
       4
       5
       7
       4
       3
       6
       4
       8
       6
       4
       5
       5
       3
       2
       8
       6
       1
       4
       7
       4
       5
       3
       9
       3
       6
       1
       9
       3
      10
       8
       4
       1
       2
       3
       3
       2
       3
       5
       5
       5
       4
       4
       4
       7
       3
       7
       9
       4
       8
       3
       6
       2
       5
       6
       3
       1
       4
       4
       3
       5
       5
       5
       5
       4
       3
       7
       6
       3
       4
       6
       6
       7
       6
       2
       5
       6
       5
       6
       2
       6
       6
       4
       3
       3
       2
       7
       7
       5
      10
      12
      11
      12
      20
       7
      13
      13
      16
       9
      12
      12
      17
       8
      10
       8
       2
       3
       5
       8
       4
       4
       9
       3
       1
       5
       5
       3
       7
       5
       4
       4
       5
       3
       7
       5
       4
       3
       2
       5
       3
       6
       4
       4
       5
       4
       8
       4
       5
       7
       7
       4
       2
       1
       8
       4
       6
       7
       4
       6
       9
       7
       4
       3
       5
       6
       4
       8
       1
       4
       4
       5
       2
       3
       6
       3
       2
       6
       4
       8
       4
       4
       4
       2
       4
       3
       5
       8
       4
       7
       2
       5
       5
       3
       6
       3
       4
       5
       8
       6
       4
       3
       4
       4
       7
       3
       9
       3
       5
       4
       3
       6
       6
       4
       6
       4
       6
       4
       2
       7
       6
       7
       3
       2
       8
       7
       2
       6
       2
       7
       8
       5
       6
       6
       4
       3
       4
       2
       4
       9
       7
       4
       4
       4
       3
       7
       6
       3
       3
       5
       5
       7
      11
       2
       5
      12
       4
       5
       5
       5
       4
       5
       6
       5
       3
       5
       1
       6
       3
       5
       7
       8
       2
       3
       5
       4
      10
       6
       4
       7
       5
       6
       8
       4
       6
       4
       8
       9
       6
       5
       5
       7
       4
       4
       9
       4
       4
       4
       7
       6
       4
       6
       8
       2
       2
       5
       8
       4
       4
       6
       7
       8
       1
       6
       4
       3
       2
       5
       9
       4
       6
       6
       9
       9
       3
       5
       4
       9
       1
       1
       3
       5
       3
       4
       8
       5
       7
       4
       2
       4
       3
       6
       2
       4
       5
       5
       4
       1
       1
       4
       1
       6
       4
       3
       6
       5
       3
       2
       2
       3
       5
       3
       3
       3
       2
       6
       5
       9
       4
       3
       3
       2
       1
       5
       4
       0
       4
       8
      10
       4
       6
       3
       2
       9
       2
       4
       3
       6
       3
       9
       7
       3
       2
       7
       8
       4
       4
       6
       6
       3
       2
       6
       5
       4
       4
       4
       4
       9
       2
       4
       5
       1
       4
       5
       1
       5
       2
       5
       3
       3
       4
       3
       2
       2
       7
       4
       5
       7
       6
       4
       2
       7
       6
       5
       7
       1
      10
      10
       6
       6
       2
      10
       5
       4
       9
       6
       4
       6
       6
       4
       3
       3
       1
       5
       4
       4
       5
       2
       3
       1
       7
       3
       6
       3
       6
       4
       4
       3
       6
       3
       7
       7
       3
       3
       4
       4
       1
       3
       5
       4
       6
       5
       4
       4
       5
       1
       4
       2
       3
       8
       8
       2
       8
       5
      11
       8
       6
       2
       6
       2
       8
       4
       5
       7
       2
       3
       3
       2
       4
       4
       4
       6
       2
       2
       1
       2
       4
       5
       7
       3
       6
       6
       9
       4
       2
       6
       4
       2
       6
       4
       4
       6
       3
       9
       5
       3
       4
       6
       3
       4
       4
       7
       8
       4
       3
       2
       5
       1
       6
      10
       6
       5
       4
       7
       6
       3
       1
       3
       3
       4
       4
       4
       6
       3
       6
       6
       5
       1
       8
       4
       4
       5
       2
       3
       2
       5
       1
       7
       7
       4
       5
       5
       7
       7
       5
       7
       3
       7
       2
       2
       8
       7
       8
       8
       3
       4
       5
       5
       3
       3
       6
       5
       8
       1
       5
       2
       5
       5
       8
       5
       1
       4
       4
       3
       5
      14
       3
       5
       5
       6
       8
       6
       6
       5
       3
       3
       5
       4
       4
       9
       5
       1
       3
       3
       8
       8
       4
       3
       7
       3
       4
       6
       4
       8
       7
       5
       1
       5
       5
       6
       5
       3
       8
       3
       7
       1
       7
       4
       5
       1
       1
       5
       3
       7
       3
       4
       2
       9
       5
       4
       6
       3
       5
       5
       3
       5
       1
       4
       8
       3
       2
       6
       4
      11
       4
       6
       4
       3
       4
       8
       1
      11
       7
       7
       7
      13
      10
       4
       9
      11
       8
       8
       5
       5
       7
       4
       7
      10
       9
       5
       2
       4
       5
       5
       4
       4
       9
       2
       1
       3
       8
       2
       3
       5
       7
       4
       4
       5
       4
       0
       5
       2
       8
       3
       3
       5
       6
       1
       5
       4
       2
       8
       2
       6
       2
       4
       2
       6
       6
       3
       2
       2
       4
       4
       1
       7
       2
       1
       6
       2
       4
       4
       3
       4
       5
       2
       5
       2
       1
       2
       7
       2
       4
       6
       2
       9
       4
       5
       1
       7
       7
       6
       3
       0
       1
       2
       1
       2
       1
       4
       3
       5
       0
       4
       1
       4
       5
       7
       4
       3
       1
       4
       5
       0
       3
       5
       3
       3
       2
       6
       6
       2
       3
       2
       4
       5
       2
       4
       5
       1
       4
       5
       6
       4
       8
       6
       2
       3
       1
       3
       8
       6
       5
       1
       0
       2
       2
       5
       5
       1
       2
       5
       3
       4
       3
       3
       0
       3
       2
       3
       2
       2
       3
       5
       6
       5
       4
       3
       2
       1
       1
       4
       5
       5
       0
       3
       3
       3
       5
       5
       3
       6
       6
       4
       4
       4
       6
       4
       3
       3
       3
       3
       3
       4
       4
       1
       1
       5
       4
       2
       3
       2
       4
       6
       7
       2
       2
       2
       4
       4
       0
       3
       5
      10
       3
       2
       4
       3
       8
       2
       7
       7
       5
       2
       5
       3
       6
       2
       4
       8
       4
       4
       3
       6
       3
       3
       3
       3
       1
       0
       3
       8
       5
       3
       5
       6
       2
       4
       4
       3
       1
       5
       1
       3
       6
       5
       2
       3
       6
       4
       2
       5
       1
       4
       2
       1
       6
       2
       1
       2
       3
       5
       1
       4
       5
       2
       4
       4
       6
       6
       1
       3
       2
       3
       5
       3
       2
       2
       2
       4
       2
       5
       3
       1
       4
       1
       2
       3
       2
       5
       1
       1
       4
       4
       5
       2
       0
       4
       4
       2
       6
       1
       5
       7
       3
       4
       5
       5
       2
       2
       3
       2
       6
       5
       4
       2
       6
       2
       4
       3
       3
       1
       3
       1
       0
       5
       4
       1
       1
       2
       4
       5
       2
       3
       5
       4
       2
       2
       3
       2
       5
       5
       2
       3
       4
       2
       2
       1
       3
       4
       1
       5
       1
       4
       4
       3
       3
       3
       2
       2
       2
       2
       6
       4
       4
       3
       2
       0
       1
       6
       0
       5
       7
       3
       4
       1
       0
       4
       5
       3
       1
       5
       3
       4
       0
       3
       2
       4
       4
       6
       3
       3
       2
       3
       1
       4
       3
       0
       0
       1
       2
       5
       2
       1
       6
       4
       5
       2
       3
       4
       2
       5
       2
       5
       3
       1
       2
       3
       1
       2
       2
       7
       5
       5
       3
       2
       6
       1
       4
       2
       1
       2
       3
       2
       5
       1
       2
       0
       0
       4
       2
       4
       1
       5
       2
       0
       4
       1
       1
       1
       3
       2
       3
       2
       1
       1
       4
       1
       0
       7
       0
       5
       4
       5
       4
       4
       0
       4
       3
       3
       3
       3
       4
       5
       5
       3
       3
       1
       2
       2
       2
       3
       1
       4
       0
       0
       4
       3
       4
       3
       3
       2
       0
       3
       2
       1
       4
       5
       2
       3
       0
       2
       3
       1
       2
       1
       2
       2
       3
       2
       1
       3
       1
       4
       0
       5
       0
       4
       5
       2
       3
       3
       3
       4
       2
       6
       2
       0
       1
       1
       3
       4
       2
       2
       2
       4
       1
       7
       7
       2
       3
       3
       4
       4
       1
       1
       3
       4
       2
       2
       2
       3
       3
       2
       3
       2
       4
       1
       5
       4
       1
       2
       2
       2
       1
       2
       2
       1
       1
       0
       4
       1
       5
       5
       8
       5
       1
       2
       1
       0
       1
       2
       1
       2
       2
       2
       5
       5
       2
       5
       2
       6
       1
       5
       1
       3
       2
       4
       5
       3
       0
       2
       2
       0
       5
       1
       4
       2
       4
       2
       2
       0
       3
       0
       1
       3
       6
       4
       3
       1
       2
       2
       3
       0
       1
       2
       0
       1
       5
       3
       0
       2
       5
       5
       3
       4
       2
       4
       1
       1
       0
       3
       2
       3
       4
       3
       1
       2
       1
       2
       1
       2
       2
       2
       1
       0
       1
       2
       0
       2
       2
       4
       3
       3
       1
       3
       2
       3
       2
       4
       1
       1
       2
       5
       2
       1
       4
       1
       0
       2
       1
       2
       1
       3
       7
       5
       3
       4
       3
       6
       5
       2
       4
       2
       7
       2
       3
       3
       6
       6
       5
       9
       3
       2
       6
       3
       2
       5
       1
       4
       2
       0
       4
       3
       1
       2
       4
       3
       2
       3
       1
       1
       2
       3
       1
       3
       1
       2
       4
       1
       3
       1
       7
       1
       2
       2
       3
       2
       2
       3
       3
       2
       3
       4
       5
       2
       2
       2
       2
       1
       3
       2
       2
       1
       3
       4
       2
       3
       3
       3
       0
       2
       5
       1
       0
       0
       1
       2
       2
       0
       7
       2
       0
       2
       6
       1
       1
       4
       1
       6
       2
       3
       3
       2
       5
       1
       3
       5
       2
       2
       3
       0
       3
       1
       2
       1
       2
       2
       2
       3
       2
       2
       3
       3
       1
       3
       1
       0
       4
       2
       0
       2
       1
       6
       3
       2
       2
       2
       0
       3
       4
       2
       2
       3
       4
       5
       0
       3
       1
       5
       5
       1
       2
       1
       4
       3
       4
       3
       2
       2
       4
       2
       4
       2
       2
       4
       3
       1
       6
       2
       0
       6
       4
       5
       3
       1
       4
       1
       2
       3
       5
       1
       0
       0
       2
       4
       5
       2
       4
       2
       1
       1
       0
       1
       3
       4
       1
       0
       3
       2
       0
       1
       1
       1
       1
       2
       2
       4
       5
       2
       2
       1
       1
       2
       3
       1
       2
       0
       4
       1
       3
       0
       1
       4
       1
       2
       4
       2
       1
       0
       2
       2
       3
       3
       2
       4
       3
       0
       1
       0
       0
       1
       0
       3
       1
       1
       2
       0
       1
       4
       2
       2
       4
       1
       3
       1
       3
       0
       2
       6
       2
       3
       0
       2
       3
       2
       1
       2
       6
       4
       5
       0
       3
       4
       3
       2
       0
       2
       4
       3
       0
       2
       1
       2
       3
       2
       3
       3
       2
       3
       3
       0
       1
       1
       2
       1
       4
       1
       0
       1
       3
       5
       6
       1
       3
       1
       3
       1
       0
       0
       2
       2
       1
       2
       1
       0
       3
       4
       0
       1
       1
       2
       0
       1
       3
       2
       1
       4
       0
       2
       2
       0
       1
       3
       3
       3
       2
       1
       0
       2
       8
       3
       0
       2
       1
       2
       3
       3
       1
       2
       5
       1
       1
       1
       1
       1
       4
       1
       1
       2
       1
       0
       2
       2
       3
       2
       0
       2
       3
       5
       2
       2
       1
       1
       2
       2
       4
       0
       0
       1
       3
       1
       1
       2
       2
       2
       4
       7
       1
       1
       2
       4
       3
       4
       0
       1
       0
       5
       4
       1
       1
       1
       1
       5
       3
       4
       2
       0
       1
       3
       2
       2
       0
       4
       5
       3
      10
      13
      10
       9
      15
      22
      22
      22
      32
      49
      48
      58
      77
      75
      82
      94
      78
      86
      70
      87
      64
      57
      54
      39
      36
      42
      19
      14
      10
       5
       1
       0
       2
       2
       1
       0
       2
       4
       2
       0
       2
       2
       3
       3
       0
       0
       1
       2
       0
       1
       0
       2
       0
       0
       2
       2
       3
       1
       1
       1
       2
       4
       3
       2
       4
       1
       3
       2
       0
       0
       1
       1
       1
       4
       2
       3
       2
       2
       0
       0
       0
       1
       2
       2
       2
       1
       1
       3
       2
       2
       0
       1
       1
       1
       0
       1
       0
       2
       1
       1
       0
       0
       3
       1
       2
       1
       3
       2
       2
       1
       0
       1
       2
       0
       2
       1
       2
       0
       0
       0
       2
       3
       1
       2
       2
       0
       1
       2
       1
       1
       0
       1
       2
       2
       1
       0
       1
       1
       0
       2
       0
       1
       2
       2
       0
       2
       1
       1
       0
       2
       1
       3
       2
       2
       1
       0
       4
       2
       0
       0
       1
       2
       3
       3
       0
       6
       0
       1
       1
       3
       1
       2
       1
       4
       0
       1
       1
       0
       2
       2
       0
       1
       1
       3
       2
       2
       0
       2
       2
       1
       2
       2
       3
       4
       2
       0
       2
       5
       1
       2
       2
       1
       1
       1
       1
       1
       1
       0
       1
       2
       1
       1
       4
       0
       3
       0
       0
       1
       1
       1
       2
       5
       1
       2
       1
       0
       1
       1
       4
       2
       1
       2
       2
       0
       2
       1
       2
       0
       0
       3
       1
       0
       2
       3
       1
       0
       2
       3
       1
       5
       4
       4
       3
       3
       1
       1
       3
       1
       0
       2
       1
       4
       4
       2
       2
       4
       3
       1
       0
       2
       0
       0
       1
       1
       3
       1
       1
       0
       0
       1
       0
       0
       2
       2
       1
       0
       1
       2
       1
       2
       0
       1
       1
       1
       3
       2
       1
       3
       0
       2
       2
       3
       1
       2
       0
       0
       4
       1
       3
       1
       0
       1
       3
       1
       1
       1
       3
       1
       2
       2
       0
       0
       4
       2
       0
       2
       0
       0
       1
       2
       1
       3
       3
       0
       3
       1
       0
       1
       2
       2
       1
       0
       4
       0
       1
       1
       0
       1
       2
       4
       1
       3
       1
       2
       2
       0
       2
       2
       3
       0
       1
       1
       1
       0
       3
       2
       0
       1
       1
       3
       2
       3
       1
       1
       2
       3
       1
       0
       0
       3
       2
       2
       1
       3
       5
       2
       1
       1
       0
       2
       3
       2
       1
       2
       0
       2
       1
       1
       1
       2
       0
       2
       2
       1
       3
       3
       3
       2
       2
       3
       2
       2
       4
       2
       1
       2
       4
       1
       0
       0
       1
       0
       1
       1
       3
       1
       3
       2
       1
       1
       0
       2
       2
       3
       1
       2
       0
       3
       1
       1
       1
       1
       1
       1
       1
       0
       3
       1
       2
       0
       0
       0
       3
       0
       1
       0
       1
       0
       0
       2
       1
       1
       2
       0
       1
       1
       1
       0
       0
       2
       1
       4
       2
       3
       0
       2
       2
       2
       3
       2
       1
       1
       2
       1
       3
       1
       2
       1
       0
       3
       1
       0
       0
       0
       2
       3
       2
       1
       1
       1
       1
       1
       0
       0
       2
       1
       3
       0
       1
       1
       0
       2
       2
       1
       1
       1
       1
       2
       1
       2
       0
       0
       0
       3
       0
       1
       0
       0
       3
       0
       1
       1
       2
       0
       1
       2
       2
       0
       1
       0
       2
       0
       1
       1
       0
       2
       1
       1
       1
       2
       0
       2
       1
       1
       2
       0
       0
       0
       0
       2
       0
       2
       1
       1
       1
       0
       0
       1
       1
       0
       2
       2
       2
       0
       2
       2
       2
       3
       1
       1
       2
       3
       1
       1
       3
       2
       0
       1
       2
       1
       0
       0
       1
       1
       0
       2
       0
       0
       0
       1
       2
       2
       2
       1
       2
       1
       1
       1
       0
       2
       1
       1
       3
       2
       0
       0
       3
       3
       0
       1
       3
       1
       2
       3
       0
       2
       2
       3
       0
       1
       1
       0
       1
       3
       2
       0
       0
       1
       0
       0
       2
       4
       0
       1
       2
       0
       0
       1
       2
       2
       2
       2
       7
       1
       1
       3
       1
       2
       3
       0
       1
       4
       1
       3
       2
       0
       0
       5
       4
       1
       3
       4
       1
       2
       4
       2
       1
       5
       1
       1
       2
       0
       2
       3
       5
       1
       4
       0
       0
       1
       2
       2
       0
       2
       2
       1
       2
       1
       1
       2
       2
       0
       0
       0
       0
       3
       0
       1
       3
       1
       0
       0
       1
       0
       1
       2
       0
       2
       0
       1
       0
       1
       1
       2
       1
       1
       0
       2
       2
       1
       2
       0
       3
       1
       0
       0
       1
       1
       1
       0
       0
       2
       0
       2
       0
       0
       1
       0
       1
       0
       0
       1
       1
       2
       3
       0
       2
       1
       1
       3
       0
       0
       0
       0
       0
       0
       0
       0
       0
       0
       0
       0
       0
       0
       0
       0
       0
       0
       0
       0
       0
       0
       0
       0
       0
       0
       0
       0
       0
       0
       0
       0
       0
       0
       0
       0
       0
       0
       0
       0
       0
       0
       0
       0
       0
       0
       0
       0
       0
       0
       0
       0
       0
       0
       0
       0
       0
       0
       0
       0
       0
       0
       0
       0
       0
       0
       0
       0
       0
       0
       0
       0
       0
       0
       0
       0
       0
       0
       0
       0
       0
       0
       0
       0
       0
       0
       0
       0
       0
       0
       0
       0
       0
       0
       0
       0
       0
       0
       0
       0
       0
       0
       0
       0
       0
       0
       0
       0
       0
       0
       0
       0
       0
       0
       0
       0
       0
       0
       0
       0
       0
       0
       0
       0
       0
       0
       0
       0
$ROI:
12
353 390
407 433
570 596
912 944
1178 1226
1460 1492
1737 1779
2540 2582
3044 3070
6353 6396
6657 6688
7292 7339
$PRESETS:
None
0
0
$ENER_FIT:
0.083971 0.199486
$MCA_CAL:
3
8.397129E-002 1.994858E-001 0.000000E+000 keV
$SHAPE_CAL:
3
1.185381E+001 8.132411E-004 0.000000E+000
